-,-,-
8, -23, 996
-42, 2, 1018
-42, 2, 1018
-32, 3, 1006
-22, -8, 1006
-19, -15, 1006
-24, -1, 1007
-24, -1, 1007
-24, 1, 1007
-32, 8, 1006
-39, 17, 1006
-22, 0, 1005
-22, 0, 1005
34, 2, 1008
-78, -10, 1006
-37, -1, 1006
40, 17, 1008
40, 17, 1008
-40, 0, 1006
-35, -5, 1007
-41, -6, 1006
-47, -17, 1007
-47, -17, 1007
-28, -5, 1007
-24, -2, 1006
-24, 0, 1006
-26, -1, 1007
-26, -1, 1007
-24, -2, 1007
-26, -2, 1008
30, -64, 1008
-61, -42, 1005
-30, 20, 1006
-30, 20, 1006
-30, 38, 1007
-34, 33, 1008
-25, 0, 1006
-24, 0, 1007
-24, 0, 1007
-23, 0, 1006
-26, -6, 1007
-29, 9, 1009
-9, 40, 1005
-9, 40, 1005
11, -1, 1006
-45, -19, 1006
-17, -17, 1007
-61, -27, 1006
-25, -5, 1007
-25, -5, 1007
-27, -1, 1008
-15, -103, 1005
-24, 8, 1007
-30, 37, 1005
-28, 49, 1009
-28, 49, 1009
-24, 0, 1005
-24, 1, 1009
-27, -7, 1005
-25, -7, 1006
-25, -7, 1006
-8, 38, 1005
-24, -12, 1006
-33, -21, 1008
-34, -15, 1006
-27, -2, 1007
-27, -2, 1007
-23, 0, 1006
-51, -113, 1002
-32, 23, 1010
3, 55, 1004
3, 55, 1004
-19, 25, 1008
-25, -3, 1005
-34, 10, 1012
-6, 18, 1000
-6, 18, 1000
-20, -10, 1006
-31, -12, 1006
-23, 3, 1007
-33, -13, 1006
-27, -12, 1007
-27, -12, 1007
-24, -1, 1006
-,-,-
-26, -2, 1004
-27, -2, 1010
-27, -2, 1010
-24, -2, 1006
-24, -2, 1006
-25, -1, 1006
-26, -2, 1007
-26, -2, 1007
-24, -2, 1006
-20, -5, 1003
46, -23, 1010
-63, 5, 1010
88, 3, 1002
88, 3, 1002
-51, -21, 1010
-74, 4, 1004
-103, 16, 1009
-103, 16, 1009
-25, -4, 1005
-16, -20, 1008
-31, 14, 1005
-30, 11, 1009
-38, -11, 1005
-18, -7, 1006
-18, -7, 1006
-16, 1, 1007
-25, 0, 1007
-26, 0, 1006
-26, 0, 1008
-26, 0, 1008
-15, 51, 1009
-25, -35, 1005
-20, -13, 1007
-23, -15, 1008
-43, -7, 1007
-43, -7, 1007
-25, -4, 1008
-44, -93, 1004
-13, 50, 1008
-20, 31, 1008
-23, 8, 1009
-23, 8, 1009
-29, 8, 1006
-46, -1, 1005
2, -16, 1006
2, -16, 1006
-26, -3, 1009
-25, -2, 1006
-23, 0, 1007
-25, -2, 1005
-25, -2, 1005
6, 18, 1006
-25, -5, 1010
-38, -11, 1008
-47, -11, 1006
-25, -34, 1012
-25, -34, 1012
-32, -4, 1001
-20, 34, 1010
-31, 18, 1006
-75, -10, 1007
22, -15, 1005
22, -15, 1005
-13, -1, 1009
-26, -2, 1006
-24, -1, 1007
-25, 0, 1007
-30, 5, 1006
-,-,-
-30, -2, 1004
-17, -10, 1013
-20, -14, 1004
-31, -12, 1007
-31, -12, 1007
-33, -1, 1005
-24, 13, 1008
-22, 13, 1007
-25, 0, 1007
-28, 2, 1008
-28, 2, 1008
-23, -8, 1006
-25, -2, 1008
-24, 0, 1006
-24, 0, 1006
-25, 0, 1008
-24, 1, 1006
-25, -6, 1007
10, 24, 1008
10, 24, 1008
38, -9, 1007
-40, -10, 1007
-111, -14, 1005
-26, -1, 1008
-40, -45, 1005
-40, -45, 1005
-16, 28, 1008
-24, 24, 1010
-41, -5, 995
-37, -5, 1016
5, -7, 1006
5, -7, 1006
-23, -1, 1007
-25, 0, 1005
-24, 0, 1007
-24, 0, 1007
-22, 63, 1009
-21, -31, 1007
-28, -21, 1007
-33, -21, 1007
-27, -4, 1008
-27, -4, 1008
-25, -2, 1008
-24, -2, 1005
-,-,-
-26, -2, 1005
-26, -2, 1005
-27, -5, 1008
-24, 0, 1007
-22, -1, 1007
-25, 0, 1006
-25, 0, 1006
-23, 0, 1007
-5, 51, 1010
-44, -59, 1005
33, 72, 1007
33, 72, 1007
-11, -15, 1004
-34, -15, 1007
-33, -22, 1006
-54, -19, 1007
-53, -15, 1005
-53, -15, 1007
-27, -4, 1007
-29, -7, 1007
-21, 3, 1006
-26, -4, 1005
-125, -75, 1005
46, 53, 1008
46, 53, 1008
5, 18, 1005
-23, 0, 1004
-27, -1, 1006
-27, -1, 1006
-25, -3, 1005
-26, -1, 1008
-15, 0, 1004
-5, 49, 1010
-5, 49, 1010
-24, -21, 1003
-27, -14, 1007
-53, -23, 1007
-27, -4, 1006
-25, -4, 1007
-25, -4, 1007
-25, -3, 1005
-,-,-
-25, 0, 1006
-25, 0, 1006
-24, 0, 1004
-20, 16, 1006
-1, 7, 1007
-1, 7, 1007
-24, 3, 1006
-46, -20, 1003
-38, -22, 1006
-26, -3, 1008
-26, -3, 1008
-24, -2, 1003
-26, -4, 1005
-35, -48, 1005
-12, 31, 1007
-26, 12, 1006
-26, 12, 1006
-24, 0, 1004
-20, -14, 1004
-31, 12, 1009
-25, -2, 1005
-28, -2, 1007
-28, -2, 1007
-23, -1, 1007
-24, -4, 1006
-25, -2, 1006
-24, -1, 1005
-25, -1, 1007
-25, -1, 1007
-25, -1, 1006
-20, -3, 1007
-30, -1, 1006
-27, -2, 1006
-27, -2, 1006
-26, -4, 1006
-25, -1, 1006
-28, 0, 1008
-22, -2, 1004
-28, -1, 1007
-28, -1, 1007
-23, -4, 1006
-25, 0, 1008
-25, -2, 1006
-23, -2, 1005
-23, -2, 1005
-25, -1, 1007
-20, -4, 1005
-31, 0, 1009
-25, -3, 1006
-25, -3, 1006
-26, -2, 1005
-24, -2, 1006
-22, 0, 1007
-29, -1, 1007
-25, 0, 1007
-25, 0, 1007
-25, -2, 1006
-25, -1, 1006
-24, -1, 1006
-24, -2, 1007
-24, -2, 1007
-28, -3, 1007
