-,-,-
-178, 213, -40
-178, 213, -40
-279, 178, -199
-263, 56, -389
123, 77, -429
133, 150, -566
299, 119, -574
561, -29, -437
726, -330, -253
584, -353, -101
584, -353, -101
328, -275, 433
1057, 92, 1335
1889, 288, 1998
1336, -48, 1998
510, -609, 1998
385, -404, 1998
-25, -228, 1998
-503, -221, 1998
-63, 283, 1998
-212, 68, 1998
-,-,-
-270, -49, 84
24, 129, -166
282, 317, -559
282, 317, -559
111, 318, -1024
-374, -63, -1015
-656, -51, -977
-182, 77, -607
375, 200, -101
645, 109, 549
704, -231, 858
429, -322, 1073
163, -322, 1140
163, -322, 1140
220, 0, 1357
893, 512, 1982
1141, 527, 1998
840, 181, 1998
424, -104, 1998
-,-,-
-348, -28, 736
-349, -119, 498
-316, -102, 100
-280, 129, -179
-143, 68, -341
51, -6, -491
51, -6, -491
56, -41, -604
150, -93, -503
25, -85, -552
-165, 0, -567
-491, 192, -432
93, 115, -16
93, 115, -16
621, 21, 265
1161, 219, 726
1367, 202, 1456
1334, -22, 1966
1677, 50, 1998
1677, 50, 1998
1368, -155, 1998
571, -417, 1998
-,-,-
-338, -71, 841
-266, -115, 709
-251, -120, 493
-158, 3, 142
-23, 92, -269
-170, 58, -657
-170, 58, -657
-357, 5, -1010
-195, 108, -1111
-162, 302, -992
-295, 334, -945
-361, 8, -846
16, 35, -468
826, 186, 370
826, 186, 370
1396, 244, 1098
1318, -191, 1527
1652, -525, 1971
-,-,-
-189, -102, 216
-234, -272, -116
-11, -276, -215
404, -143, -106
540, 104, -236
-44, 77, -455
-209, 201, -477
1026, 264, 528
1774, 149, 1556
849, 48, 1313
849, 48, 1313
686, 378, 1849
1505, 287, 1998
-,-,-
-358, -137, 705
-447, -154, 640
-336, -138, 560
-292, -178, 422
-209, -133, 233
83, -55, 59
83, -55, 59
129, -53, -253
220, 60, -328
97, 44, -363
-233, 41, -357
-233, 41, -357
-362, 142, -409
-474, 182, -526
-214, -9, -567
-9, -112, -510
341, 51, -273
36, -90, -271
383, -78, 246
383, -78, 246
1805, 369, 1278
1992, 723, 1998
-,-,-
-424, -101, 626
-363, -93, 684
-334, -89, 704
-326, -101, 692
-326, -101, 692
-139, -101, 675
-22, -120, 579
106, -97, 385
154, -50, 148
77, 42, -140
-110, 86, -444
-125, 111, -559
-125, 111, -559
-28, 49, -610
-67, -81, -699
78, -135, -644
150, 73, -642
-96, 63, -569
479, 217, -155
1611, 617, 989
1611, 617, 989
1616, 500, 1885
-,-,-
-209, -40, 663
-302, -69, 624
-351, -79, 701
-326, -67, 743
-344, -85, 747
-355, -129, 746
-253, -152, 766
-261, -168, 719
-185, -169, 638
-75, -158, 493
-75, -158, 493
20, -97, 246
104, -32, 22
-16, 52, -301
-122, 139, -535
-216, 180, -734
-316, 104, -884
-316, 104, -884
-424, 75, -972
-227, 238, -856
-116, 204, -741
599, 121, -493
1310, 39, 360
1421, 155, 1475
1466, 500, 1998
1872, 847, 1998
-,-,-
-252, -160, 611
-422, -195, 518
-591, -92, 490
-653, -103, 425
-534, -156, 444
-335, -117, 482
-335, -117, 482
-167, -115, 574
-78, -191, 633
0, -268, 647
-29, -263, 552
30, -232, 363
70, -91, 167
70, -91, 167
48, 46, -99
-56, 194, -448
-64, 387, -646
-213, 272, -832
-509, 23, -1131
-596, -34, -1318
-315, 277, -1171
1061, 296, 63
1061, 296, 63
1364, 143, 878
834, 124, 1560
1861, 1345, 1998
-,-,-
-276, -178, 516
-185, -201, 597
-113, -206, 566
-327, -145, 468
-327, -145, 468
-375, -133, 494
-409, -226, 421
-339, -115, 430
-308, -19, 402
-425, 6, 217
-338, -54, 119
-236, -21, -115
-274, 115, -460
-222, 322, -669
-191, 260, -751
-191, 260, -751
-25, 195, -732
357, 191, -690
124, -74, -746
498, -117, -630
829, -168, -364
537, -260, -266
139, -67, 270
586, 639, 1273
1403, 870, 1974
-,-,-
-223, -250, 717
-162, -203, 693
-297, -150, 660
-383, -81, 614
-459, -127, 571
-461, -159, 534
-453, -80, 519
-444, -56, 549
-444, -56, 549
-378, -59, 530
-387, -130, 404
-299, -72, 259
-212, 77, 78
-104, 87, -176
-95, 140, -302
-271, 98, -515
-271, 98, -515
-223, 66, -571
-99, -49, -785
152, -19, -910
299, 125, -761
712, 74, -457
705, -117, -319
355, -92, -242
355, -92, -242
156, 395, 794
1717, 653, 1977
-,-,-
-378, -124, 467
-440, -52, 367
-448, -25, 133
-448, -25, 133
-374, 60, 348
-224, 6, 505
-247, -161, 556
-155, -164, 595
51, -180, 594
143, -109, 603
94, -68, 424
94, -68, 424
-44, -86, 269
-301, -144, -6
-485, -99, -324
-24, 30, -467
124, 155, -829
124, 155, -829
126, 78, -996
422, 110, -781
615, 48, -364
275, -82, 109
379, 244, 1079
1373, 582, 1980
1373, 582, 1980
-,-,-
-221, -114, 590
-291, -177, 548
-205, -181, 664
-261, -140, 638
-301, -122, 629
-136, -128, 719
-119, -127, 725
-218, -125, 704
-311, -138, 671
-329, -134, 645
-259, -103, 654
-259, -103, 654
-327, -90, 616
-357, -61, 580
-321, -88, 521
-298, -52, 416
-218, 44, 261
-146, 104, 20
-200, 53, -245
-200, 53, -245
-311, 39, -502
-381, 81, -686
-59, 62, -767
333, 85, -762
436, 79, -847
475, -145, -832
557, -274, -388
557, -274, -388
391, 34, -78
216, 370, 634
1442, 829, 1980
1673, 727, 1998
-,-,-
-385, -287, 331
-285, -171, 533
-243, -81, 587
-333, -112, 612
-383, -199, 587
-383, -199, 587
-343, -162, 598
-322, -198, 602
-331, -184, 647
-325, -157, 629
-305, -128, 564
-370, -211, 431
-375, -193, 323
-355, -165, 177
-256, -111, 69
-202, -20, -99
-162, 90, -289
-162, 90, -289
-355, 117, -472
-460, 36, -554
-387, -51, -603
-152, 105, -596
234, 151, -648
480, -133, -688
671, -255, -466
687, -215, 52
417, 7, 97
417, 7, 97
-100, 503, 539
1552, 827, 1986
1869, 90, 1998
-,-,-
-374, -202, 419
-357, -164, 238
-230, 4, -42
-230, 4, -42
-103, 244, -327
-58, 270, -552
-122, 234, -713
-503, 223, -1168
-91, 161, -814
386, 233, -471
161, 111, -420
161, 111, -420
47, -75, -308
435, -44, 218
451, 2, 470
334, -182, 949
853, 9, 1871
853, 9, 1871
1027, 221, 1998
956, -111, 1998
929, -135, 1998
-,-,-
-413, -232, 462
-473, -231, 360
-439, -247, 259
-351, -156, 41
-351, -156, 41
-284, -103, -146
-354, 122, -495
-228, 195, -712
-123, 118, -874
0, 137, -980
197, 150, -980
453, 141, -697
768, 406, -110
768, 406, -110
381, 107, 321
281, 67, 606
1064, -64, 1645
1657, -129, 1998
1247, -92, 1998
572, -175, 1998
-,-,-
-240, -133, 202
-248, -95, -128
-241, 91, -333
-243, 263, -465
-218, 388, -713
-536, 269, -1267
-318, 277, -1211
216, 242, -1001
688, 82, -450
507, -103, -23
182, -178, 398
182, -178, 398
1364, -252, 1774
1306, -553, 1998
857, -654, 1998
685, -277, 1998
670, -169, 1998
245, -573, 1998
333, 64, 1998
346, 550, 1998
258, 158, 1998
404, -77, 1998
-,-,-
-205, -40, 490
-207, -24, 384
-303, -5, 152
-311, -91, -85
-440, -41, -362
-422, -19, -593
-117, -66, -660
242, 108, -479
242, 108, -479
306, 272, -440
582, 300, -264
533, 133, 133
533, 37, 338
717, 223, 860
909, -5, 1152
909, -5, 1152
908, -48, 1621
988, -194, 1998
620, -293, 1998
-,-,-
-403, -155, 486
-384, -180, 479
-375, -195, 442
-425, -151, 334
-361, -123, 257
-344, -62, 256
-345, -43, 196
-265, -28, 173
-108, 35, 244
-173, -42, 224
-173, -42, 224
-384, -87, -19
-227, 24, 133
-56, 37, 262
-131, -59, 127
27, -97, 48
27, -97, 48
202, -41, 216
89, 62, 121
370, 159, 234
370, 159, 234
727, 21, 370
617, -14, 217
721, 14, 401
791, -172, 673
791, -172, 673
643, -22, 1089
974, 511, 1989
1011, 658, 1998
977, -129, 1998
-,-,-
-185, -220, 716
-281, -258, 460
-275, -125, 368
-121, -16, 230
-52, -93, -7
24, -61, -127
-220, 119, -380
14, 295, -404
14, 295, -404
173, 161, -262
363, 165, -90
555, 153, -23
760, 69, 247
314, -58, 28
314, -58, 28
453, -136, 258
715, -41, 1147
993, 79, 1996
249, -61, 1998
-191, -476, 1998
213, -69, 1998
-,-,-
-317, -145, 531
-325, -151, 492
-299, -94, 285
-261, -6, 239
-261, -6, 239
-354, -34, 85
-403, -30, -166
-274, 78, -374
-186, 248, -494
-81, 232, -521
262, 221, -434
351, 87, -410
351, 87, -410
540, -158, -421
385, -212, -213
-4, 52, -388
355, -1, 216
675, 80, 1006
1078, 223, 1922
1078, 223, 1922
1102, 187, 1998
1072, -35, 1998
-,-,-
-366, -154, 629
-459, -176, 560
-430, -200, 564
-388, -162, 550
-385, -102, 560
-433, -143, 432
-346, -145, 358
-289, -19, 219
-289, -19, 219
-223, 79, 84
-224, 83, 10
-245, 29, -119
-185, 11, -187
-102, -120, -290
19, -105, -316
19, -105, -316
488, 84, -163
593, 138, -176
336, -33, -433
364, 11, -350
396, 266, -47
107, 341, 499
107, 341, 499
187, 510, 1269
703, 502, 1993
1002, 228, 1998
-,-,-
-379, -212, 658
-355, -219, 654
-426, -207, 556
-398, -248, 564
-361, -233, 576
-417, -163, 509
-320, -138, 504
-344, -195, 373
-520, -208, 183
-520, -208, 183
-330, -90, 177
-315, -22, 79
-289, 63, -71
-104, 184, -78
-86, 152, -268
13, 79, -319
13, 79, -319
66, 104, -321
305, 165, -205
307, -84, -215
407, -151, -198
322, 26, -261
246, 258, -174
246, 258, -174
406, 381, 581
482, 345, 1802
-,-,-
-368, -216, 397
-338, -258, 439
-255, -213, 527
-358, -178, 485
-382, -209, 437
-329, -212, 448
-364, -240, 426
-364, -240, 426
-320, -213, 332
-305, -170, 224
-407, -119, 11
-409, -49, -168
-300, 26, -246
-201, 39, -260
-271, -23, -365
-133, -21, -448
107, -7, -376
224, -14, -410
224, -14, -410
417, 31, -327
302, 102, -182
381, 105, -108
259, 17, 91
415, 194, 736
415, 194, 736
722, 468, 1571
937, 258, 1998
999, 179, 1998
-,-,-
-397, -152, 615
-488, -141, 544
-376, -169, 561
-302, -165, 408
-222, -107, 265
-240, -26, 72
-323, 42, -78
-323, 42, -78
-387, 72, -204
-356, 39, -285
-391, 108, -409
-123, 212, -441
130, 281, -435
280, 112, -351
633, 164, -369
633, 164, -369
737, 115, -52
296, 13, -151
192, 124, 217
818, 420, 1087
1073, 171, 1980
582, 125, 1998
582, 125, 1998
230, 421, 1998
-,-,-
-337, -187, 511
-303, -179, 519
-307, -184, 509
-312, -186, 523
-318, -167, 561
-456, -129, 463
-443, -192, 402
-308, -102, 349
-159, -113, 319
-86, -83, 272
-172, -38, 142
-172, -38, 142
-253, -79, -19
-390, 22, -215
-312, 18, -354
-141, 80, -446
104, 159, -364
274, 204, -316
465, 134, -278
546, 25, 22
546, 25, 22
542, 52, 331
742, 295, 910
584, 369, 1543
584, 369, 1543
381, 600, 1998
454, 360, 1998
472, 81, 1998
-,-,-
-258, -138, 615
-241, -157, 524
-325, -116, 261
-410, 36, -15
-243, 91, -80
-288, 68, -267
-493, 147, -648
2, 67, -779
2, 67, -779
305, 84, -848
391, 80, -676
736, 284, -254
742, 109, 133
742, 109, 133
457, -61, 129
-309, 291, 378
856, 517, 1729
1419, 6, 1998
652, -330, 1998
-302, -671, 1998
-,-,-
-392, -195, 305
-254, -178, 284
-208, -118, 136
-154, -32, 44
-148, -150, -50
-105, -37, -275
-181, -78, -633
52, 117, -673
696, 269, -371
654, 251, -261
654, 251, -261
721, 159, -96
921, -68, 507
271, -267, 914
287, 156, 1862
657, 147, 1998
126, -544, 1998
304, -6, 1998
304, -6, 1998
456, 292, 1998
-,-,-
-443, -177, 368
-326, -182, 378
-222, -140, 377
-419, 68, 16
-360, -79, -103
-199, -46, -114
-100, 21, -209
-70, 25, -442
-70, 25, -442
62, 84, -248
259, 213, 125
457, 24, 347
408, -236, 278
408, -236, 278
528, -419, 651
472, -449, 596
173, -198, 468
265, 41, 768
95, 251, 1770
152, 555, 1998
152, 555, 1998
289, 630, 1998
-,-,-
-377, -275, 664
-348, -282, 749
-337, -248, 699
-318, -256, 600
-328, -173, 386
-328, -173, 386
-385, -76, 47
-314, -8, -76
-248, 14, -148
-277, -5, -231
-236, 87, -378
-40, 232, -379
166, 262, -435
166, 262, -435
353, 175, -500
603, -15, -463
448, -46, -353
83, 159, -102
114, 732, 166
709, 767, 1649
709, 767, 1649
1145, 193, 1998
651, 37, 1998
-,-,-
-438, -321, 454
-386, -298, 580
-386, -298, 580
-381, -204, 569
-396, -194, 503
-475, -260, 355
-463, -199, 260
-410, -115, 211
-340, -14, 169
-353, -17, 61
-375, -67, -47
-343, -28, -230
-123, 96, -263
-123, 96, -263
-91, 204, -335
137, 107, -389
420, -45, -311
437, -74, -285
209, 7, -168
185, 378, 169
185, 378, 169
201, 431, 620
244, 335, 1189
448, 135, 1790
877, 64, 1998
329, -292, 1998
-,-,-
-400, -278, 511
-325, -288, 571
-390, -247, 516
-390, -247, 516
-406, -227, 502
-366, -216, 462
-370, -225, 349
-344, -107, 209
-234, -28, 174
-166, -64, 120
-164, -138, -39
-370, -104, -281
-18, 95, -320
139, 119, -375
225, 64, -460
225, 64, -460
372, 28, -497
620, 45, -229
578, 96, 53
261, 253, 178
261, 253, 178
61, 679, 597
292, 630, 1784
681, 118, 1998
543, -151, 1998
-,-,-
-418, -258, 455
-432, -226, 495
-408, -171, 403
-269, -171, 352
-269, -171, 352
-240, -178, 255
-131, -180, 241
-161, -158, 144
-142, -187, 36
-227, -80, -171
-129, 15, -314
27, 90, -427
207, 89, -390
416, 1, -395
416, 1, -395
368, 76, -455
221, 252, -591
513, 299, -96
1029, 175, 977
1029, 175, 977
1440, 407, 1998
416, 516, 1998
-,-,-
-438, -259, 383
-355, -270, 199
-349, -175, 134
-287, -54, 28
-190, -69, -85
-186, -30, -208
-117, 61, -336
-117, 61, -336
-17, 54, -386
70, 47, -431
186, 38, -306
503, -60, 9
503, -60, 9
237, -171, 134
-109, 228, -60
547, 290, 647
672, -43, 1109
689, 111, 1659
689, 111, 1788
641, 385, 1788
1104, 81, 1998
1060, 105, 1998
-,-,-
-476, -369, 410
-376, -272, 583
-389, -297, 582
-373, -250, 513
-370, -248, 477
-423, -248, 405
-441, -183, 363
-441, -183, 363
-441, -107, 258
-370, -86, 287
-246, -111, 279
-273, -123, 215
-295, -155, 136
-234, -102, 18
-67, -164, 3
119, -203, 57
71, -70, 19
71, -70, 19
188, 104, 2
187, 136, -53
187, 136, -53
317, 86, -81
359, 15, 42
374, 6, 143
374, 6, 143
536, 84, 493
560, 331, 1102
428, 673, 1962
236, 579, 1998
-,-,-
-480, -334, 463
-362, -327, 542
-301, -265, 588
-356, -176, 541
-352, -231, 548
-436, -218, 387
-430, -201, 272
-390, -159, 205
-317, -139, 159
-236, -122, 193
-236, -122, 193
-231, -89, 139
-356, -179, -52
-115, -87, -83
135, -39, 7
80, -81, 61
233, -90, 56
233, -90, 56
289, -107, 35
272, -129, 123
118, 18, 154
230, 228, 251
230, 228, 251
399, 348, 585
825, 183, 1321
603, 272, 1807
-92, 465, 1976
187, 999, 1998
489, 1148, 1998
-,-,-
-419, -334, 554
-418, -287, 582
-466, -190, 499
-384, -267, 535
-385, -292, 445
-370, -232, 279
-418, -83, -82
-362, -93, -189
-256, -68, -162
-248, -12, -190
-248, -12, -190
-245, -85, -409
-65, 85, -427
164, 139, -322
426, 94, -164
431, 20, -201
316, 53, -300
531, 46, -124
531, 46, -124
655, 96, 200
750, 276, 851
818, 294, 1534
952, 312, 1998
696, 227, 1998
696, 227, 1998
451, 225, 1998
846, 956, 1998
-,-,-
-485, -269, 277
-358, -283, 289
-388, -266, 279
-493, -184, 92
-505, -281, 9
-458, -240, -98
-361, -147, -182
-336, -5, -284
-336, -5, -284
-264, 151, -347
-74, 190, -375
70, 81, -373
297, 41, -364
458, -12, -339
452, -18, -261
452, -18, -261
469, 82, -114
717, 278, 165
548, 379, 516
805, 649, 1353
681, 524, 1934
512, 381, 1998
512, 381, 1998
255, 232, 1998
242, 590, 1998
398, 236, 1998
902, -229, 1998
780, -865, 1998
-,-,-
-429, -303, 686
-240, -271, 774
-366, -249, 546
-380, -213, 378
-282, -205, 220
-307, -204, 29
-477, -118, -286
-397, 19, -387
-262, 147, -409
-141, 209, -294
-141, 209, -294
-68, 242, -218
160, 102, -118
244, -109, -218
194, -52, -251
369, -45, 181
566, -50, 374
750, -76, 543
750, -76, 543
611, -172, 1042
918, -284, 1794
473, 259, 1998
-,-,-
-510, -379, 304
-425, -352, 479
-303, -265, 624
-302, -253, 541
-337, -225, 430
-327, -172, 336
-327, -166, 218
-306, -95, 137
-338, -81, 15
-423, -96, -117
-366, -53, -201
-366, -53, -269
-90, -17, -269
78, -185, -260
122, 39, -332
391, 243, -238
135, -146, -398
325, -200, -401
287, 163, -161
359, 215, 366
359, 215, 366
1303, 162, 1599
1821, 444, 1998
-,-,-
-327, -110, 493
-283, -162, 337
-237, -100, 325
-204, -99, 327
-245, -74, 154
-210, -14, 23
-131, 37, -21
43, 0, -46
43, 0, -46
163, -71, -84
231, -76, 38
231, -76, 38
349, -95, 59
329, 62, 43
368, 19, 138
368, 19, 138
497, 0, 54
732, -57, 122
669, -49, 515
728, 65, 1295
-,-,-
-450, -237, 370
-517, -202, 215
-412, -171, 279
-463, -161, 160
-469, -95, 24
-469, -29, -18
-469, -29, -18
-406, -6, -8
-358, 25, -7
-320, 2, 49
-190, 8, 61
-190, 8, 61
-6, -70, 78
224, -130, 235
299, -173, 277
376, -149, 277
376, -149, 277
320, -108, 189
368, -93, 213
170, -164, 117
233, 110, 90
489, 225, 246
489, 225, 246
613, 194, 567
1245, 199, 1688
1003, 592, 1998
-,-,-
-563, -339, 440
-563, -339, 440
-448, -339, 610
-433, -318, 596
-457, -300, 525
-474, -266, 489
-431, -273, 486
-419, -251, 459
-429, -250, 385
-416, -201, 321
-433, -140, 236
-437, -116, 153
-478, -61, 62
-410, -31, -1
-410, -31, -1
-229, 0, 4
-158, -40, -112
-178, 19, -349
71, 40, -344
71, 40, -344
332, 66, -195
511, 82, -184
560, 145, -285
184, 298, -480
289, 335, -233
696, 340, 371
696, 340, 371
1421, 415, 1421
1039, 462, 1894
-,-,-
-426, -309, 533
-409, -277, 625
-409, -277, 625
-337, -241, 733
-318, -252, 751
-356, -338, 676
-412, -301, 603
-406, -321, 614
-393, -309, 611
-417, -213, 594
-352, -171, 544
-363, -161, 372
-334, -147, 204
-302, -84, 81
-226, -82, 11
-226, -82, 11
-144, -46, -126
-115, 0, -316
-45, 50, -565
20, 145, -622
196, 207, -521
196, 207, -521
491, 271, -233
456, 263, -313
417, 196, -273
561, 369, 235
1225, 855, 1499
1464, 1143, 1998
893, 1286, 1998
-,-,-
-376, -280, 574
-456, -301, 563
-503, -276, 610
-493, -298, 580
-447, -311, 582
-457, -308, 538
-440, -275, 516
-398, -251, 522
-414, -229, 473
-414, -229, 473
-454, -223, 362
-455, -203, 239
-438, -153, 135
-380, -98, 81
-438, -94, -63
-431, -40, -195
-271, 2, -148
-152, 63, -71
-152, 63, -71
-58, 52, -98
15, -94, -29
228, 24, -87
194, -18, -217
194, -18, -217
291, 108, -331
414, 96, -2
620, 181, 259
609, 308, 546
944, 284, 1534
-,-,-
-466, -297, 459
-466, -297, 459
-426, -289, 562
-484, -289, 540
-539, -264, 432
-513, -303, 406
-452, -291, 448
-463, -264, 456
-458, -271, 391
-480, -227, 298
-426, -198, 260
-380, -163, 175
-330, -133, 55
-327, -66, -9
-327, -66, -9
-321, -23, -64
-256, -15, -178
-62, 125, -280
53, 233, -299
268, 106, -310
387, 21, -243
387, 21, -243
510, 87, -358
571, 125, -297
508, 130, -13
483, 20, 395
861, 484, 1467
861, 484, 1467
-,-,-
-414, -251, 660
-383, -255, 537
-299, -236, 574
-263, -276, 544
-262, -247, 456
-280, -164, 278
-250, -139, 184
-169, -126, 121
-107, -127, 11
-107, -127, 11
-106, -57, -147
-96, -40, -295
-54, -57, -372
143, -38, -363
143, 78, -326
366, 151, -155
605, 276, -107
714, 226, -49
714, 226, -49
704, -52, 633
1025, 150, 1610
948, 719, 1998
346, 878, 1998
84, 548, 1998
-,-,-
-414, -381, 602
-324, -378, 648
-316, -308, 575
-292, -202, 478
-219, -226, 505
-200, -208, 392
-317, -152, 150
-320, -158, 21
-246, -78, -34
-104, 1, 55
-104, 1, 55
80, 19, 78
210, 12, 35
210, 12, 35
106, 145, -164
299, 119, -85
542, 7, 161
542, 7, 161
660, 10, 373
643, -33, 683
669, 39, 1213
941, 199, 1940
941, 199, 1940
801, 116, 1998
649, 73, 1998
-,-,-
-529, -303, 460
-451, -295, 437
-452, -327, 454
-415, -300, 484
-416, -307, 430
-442, -205, 307
-480, -167, 115
-471, -138, 19
-325, -167, 72
-211, -91, 18
-207, -10, -185
-207, -10, -363
-180, -34, -363
-32, 18, -308
207, 108, -50
494, 111, 14
604, -15, 83
316, -120, 8
316, -120, 8
308, 0, 270
605, 147, 804
696, 126, 1205
638, 150, 1591
638, 150, 1591
594, 320, 1972
529, 184, 1998
798, 350, 1998
948, 562, 1998
962, -336, 1998
-,-,-
-485, -294, 378
-537, -270, 435
-567, -295, 383
-558, -329, 363
-518, -333, 335
-461, -324, 348
-424, -265, 367
-405, -231, 351
-405, -231, 351
-378, -253, 303
-397, -207, 164
-349, -142, 65
-253, -107, 43
-242, -49, -71
-201, -76, -181
-76, -100, -144
-89, -59, -192
35, 74, -159
35, 74, -159
264, 149, -22
263, 32, -61
344, 23, 20
344, 23, 20
396, 93, 278
487, 126, 580
522, 205, 1128
686, 345, 1827
751, 333, 1998
751, 333, 1998
794, 438, 1998
-,-,-
-396, -348, 610
-396, -348, 610
-414, -308, 774
-373, -287, 794
-395, -321, 704
-465, -384, 464
-472, -289, 321
-473, -190, 212
-393, -110, 148
-379, -42, 48
-437, -9, -238
-439, 0, -530
-439, 0, -530
-305, 156, -600
-178, 166, -517
92, 113, -479
271, 45, -474
319, 5, -434
495, 152, -141
495, 152, -141
810, 343, 267
799, 373, 506
844, 327, 1227
1225, 468, 1997
915, 382, 1998
750, 157, 1998
-,-,-
-566, -363, 217
-556, -318, 315
-525, -326, 342
-514, -335, 368
-495, -324, 426
-495, -324, 426
-546, -353, 328
-520, -302, 282
-469, -247, 287
-394, -202, 327
-346, -163, 299
-335, -139, 149
-302, -181, 30
-220, -51, -2
-137, 70, -10
-54, 106, -34
-54, 106, -34
86, 61, -58
115, -21, -81
-209, 73, -418
59, 110, -300
59, 110, -300
507, 265, 37
388, 403, -131
762, 423, 431
1392, 302, 1589
1156, 525, 1998
910, 1002, 1998
-,-,-
-554, -412, 398
-405, -293, 556
-460, -213, 483
-460, -213, 483
-418, -248, 487
-394, -288, 425
-387, -212, 273
-382, -144, 170
-359, -147, 75
-329, -150, 88
-266, -158, 83
-227, -25, -48
-115, -66, -66
-142, 77, -218
-142, 77, -218
0, 220, -191
106, 242, -267
434, 39, -118
521, 16, -125
503, 21, -66
503, 21, -66
591, 305, 68
1200, 632, 1194
1502, 670, 1990
1142, 932, 1998
954, 955, 1998
-,-,-
-485, -423, 387
-324, -388, 538
-364, -362, 439
-364, -362, 439
-339, -356, 426
-312, -397, 402
-369, -325, 366
-399, -305, 359
-349, -270, 371
-321, -219, 339
-352, -207, 210
-393, -124, 69
-415, -72, 1
-451, -65, -115
-367, -14, -230
-367, -14, -230
-87, 36, -226
77, 82, -227
68, 87, -219
175, 95, -215
403, 131, -45
403, 131, -45
350, 198, -49
145, 276, -178
699, 596, 647
1168, 696, 1845
984, 755, 1998
556, 606, 1998
-,-,-
-584, -372, 387
-414, -346, 494
-424, -333, 484
-435, -316, 474
-393, -317, 444
-376, -343, 422
-410, -269, 295
-321, -226, 306
-321, -226, 306
-271, -188, 314
-307, -210, 201
-332, -206, 61
-331, -118, -97
-205, -97, -68
31, -51, 75
159, 1, 103
159, 1, 103
-42, -6, -24
-119, 94, -230
117, 8, -81
117, 8, -81
327, 21, 74
423, 137, 54
387, 26, -4
387, 26, -4
905, 216, 685
1240, 609, 1531
970, 908, 1975
917, 971, 1998
811, 939, 1998
-,-,-
-409, -285, 418
-432, -324, 355
-479, -314, 394
-479, -314, 394
-481, -319, 404
-491, -310, 326
-421, -247, 286
-351, -180, 241
-298, -160, 253
-275, -135, 237
-262, -151, 171
-286, -191, 11
-198, -141, -56
-49, -75, 15
25, -21, 84
25, -21, 84
90, -21, 63
110, 113, -49
110, 113, -49
122, 143, -72
334, 27, -166
740, -101, 216
414, 54, 345
747, 554, 832
747, 554, 832
1423, 836, 1796
-,-,-
-434, -291, 455
-479, -266, 379
-531, -301, 379
-535, -336, 365
-468, -302, 365
-379, -276, 378
-302, -243, 351
-226, -239, 274
-254, -202, 187
-254, -202, 187
-247, -177, 83
-260, -130, -41
-169, -127, -69
-39, -62, -53
78, 75, -84
189, 85, -69
189, 85, -69
139, 11, -305
116, 20, -451
518, 34, -51
706, 51, 248
706, 51, 248
1128, 163, 1121
-,-,-
-528, -310, 341
-502, -336, 379
-502, -336, 379
-491, -302, 260
-439, -215, 136
-433, -105, 15
-431, -58, -144
-382, -14, -253
-246, 29, -236
-73, 46, -236
110, -13, -175
147, -78, -129
147, -78, -129
175, -128, -153
310, -62, -152
432, -1, -3
366, 16, 0
340, -94, 206
340, -94, 206
940, 0, 1099
1008, 379, 1713
536, 919, 1783
-,-,-
-601, -384, 296
-449, -289, 434
-567, -378, 398
-575, -380, 410
-588, -402, 369
-529, -339, 535
-479, -299, 553
-452, -258, 532
-434, -258, 548
-449, -258, 512
-418, -250, 477
-396, -232, 389
-364, -202, 278
-364, -202, 161
-338, -144, 161
-305, -106, 56
-255, -72, -31
-192, -72, 1
-180, -37, -93
-5, -18, -128
155, 5, -155
155, 5, -155
43, 103, -379
112, 145, -457
391, 122, -263
746, 194, 38
746, 194, 38
1224, 402, 715
1444, 653, 1650
-,-,-
-390, -329, 481
-391, -349, 511
-477, -353, 448
-416, -360, 563
-344, -342, 654
-379, -291, 595
-379, -291, 595
-369, -243, 582
-375, -177, 492
-354, -170, 472
-358, -168, 378
-343, -171, 281
-351, -130, 123
-308, -73, 10
-261, -58, -81
-195, -70, -144
-139, -12, -290
-74, 13, -459
-74, 13, -459
127, 64, -470
260, 130, -352
346, 182, -292
552, 139, -281
805, 310, 151
1111, 436, 772
1111, 436, 772
1594, 781, 1886
1360, 1114, 1998
-,-,-
-460, -320, 322
-460, -320, 322
-541, -292, 370
-502, -317, 436
-459, -361, 433
-463, -329, 416
-440, -311, 416
-398, -297, 446
-379, -296, 472
-424, -310, 416
-389, -304, 352
-340, -271, 296
-276, -222, 261
-238, -199, 236
-211, -193, 169
-211, -193, 169
-191, -139, 65
-159, -79, -59
-98, 3, -66
48, 30, 34
78, 6, 48
78, 6, 48
132, 36, -25
183, 102, -58
183, 102, -58
234, -50, 74
416, 35, 348
582, 186, 628
691, 394, 1114
691, 394, 1114
785, 633, 1818
616, 698, 1998
-,-,-
-551, -407, 150
-335, -304, 435
-386, -319, 389
-425, -332, 346
-435, -368, 295
-434, -376, 251
-421, -348, 224
-413, -264, 169
-388, -218, 188
-321, -205, 259
-321, -205, 259
-270, -160, 250
-262, -163, 140
-159, -164, 66
-223, -127, -46
-180, -50, -187
4, -34, -109
70, 70, -142
83, 209, -238
83, 209, -238
260, 194, -143
330, 157, -248
529, 298, -96
1201, 699, 860
1375, 886, 1746
-,-,-
-618, -444, 281
-547, -437, 443
-489, -371, 499
-509, -398, 448
-509, -398, 448
-477, -416, 409
-435, -387, 409
-437, -368, 393
-412, -330, 380
-413, -327, 306
-393, -294, 222
-357, -196, 138
-338, -112, 96
-289, -74, 22
-368, -12, -221
-345, 49, -379
-345, 49, -379
-99, -13, -303
-66, 41, -375
96, 227, -299
322, 376, -196
656, 231, 21
791, -13, 223
791, -13, 223
784, -223, 369
912, 339, 997
1229, 849, 1705
1315, 609, 1998
-,-,-
-234, -366, 436
-341, -390, 419
-362, -395, 384
-356, -391, 397
-396, -388, 347
-425, -366, 329
-424, -373, 335
-424, -373, 335
-427, -394, 334
-421, -385, 337
-450, -354, 327
-463, -343, 338
-499, -340, 325
-498, -315, 315
-495, -263, 277
-469, -245, 261
-462, -240, 221
-387, -240, 183
-301, -192, 138
-226, -138, 128
-142, -115, 127
-27, -76, 165
-27, -76, 165
19, -35, 109
31, 56, -4
148, -10, 95
148, -10, 95
115, 20, 12
108, 42, -209
192, 98, -250
505, 192, -140
505, 192, -140
725, 328, 31
1179, 820, 1257
-,-,-
-210, -362, 452
-175, -373, 499
-317, -303, 389
-317, -303, 389
-378, -353, 414
-401, -379, 398
-444, -339, 397
-425, -329, 434
-491, -341, 385
-508, -353, 392
-520, -361, 416
-516, -354, 421
-497, -367, 435
-503, -357, 402
-484, -332, 357
-467, -286, 277
-393, -222, 238
-343, -199, 142
-343, -199, 142
-348, -130, -8
-374, -45, -235
-259, 12, -272
-130, 70, -299
-48, 170, -334
177, 230, -285
322, 135, -270
374, 101, -381
374, 101, -381
442, 229, -526
798, 344, -183
1220, 750, 559
1907, 1283, 1798
1910, 1197, 1998
1451, 419, 1998
-,-,-
-357, -378, 329
-431, -360, 414
-426, -288, 472
-515, -295, 401
-499, -370, 413
-485, -342, 445
-482, -309, 416
-482, -309, 416
-470, -306, 393
-464, -291, 390
-522, -282, 285
-541, -287, 175
-511, -240, 107
-474, -166, 38
-429, -94, -20
-356, -67, -15
-309, -57, -67
-317, 29, -224
-317, 29, -224
-116, 19, -157
57, 24, -31
186, 44, -25
235, 38, -128
182, 30, -248
182, 30, -248
311, 83, -150
575, 199, 94
858, 227, 376
1326, 320, 1015
1360, 933, 1982
1360, 933, 1982
-,-,-
-573, -426, 306
-454, -392, 481
-459, -357, 503
-445, -345, 530
-425, -413, 540
-434, -437, 513
-434, -437, 513
-402, -425, 532
-422, -358, 471
-383, -326, 477
-374, -322, 432
-361, -334, 343
-358, -272, 275
-361, -250, 151
-320, -182, 134
-294, -117, 64
-323, 33, -8
-323, 33, -140
-286, 65, -140
-141, -3, -227
30, 64, -134
191, 134, -10
232, 154, -103
315, 204, -100
315, 204, -100
534, 156, 9
715, 18, 247
1251, 201, 1490
1241, 679, 1998
-,-,-
-410, -324, 683
-495, -357, 562
-441, -332, 574
-475, -323, 436
-540, -260, 166
-446, -265, 52
-394, -173, -107
-334, -95, -177
-293, -31, -314
-294, 59, -557
-144, 123, -640
61, 209, -623
61, 209, -623
246, 259, -615
284, 298, -747
576, 335, -723
822, 288, -365
727, 239, -183
1087, 764, 897
1893, 1292, 1993
1893, 1292, 1993
1615, 736, 1998
1353, -19, 1998
-,-,-
-434, -276, 559
-359, -323, 493
-345, -265, 459
-391, -251, 274
-374, -256, 219
-348, -275, 157
-355, -232, 13
-274, -152, -51
-182, -44, -163
-182, -44, -163
-101, 3, -213
-10, -22, -130
110, -12, -96
310, -63, -62
271, -110, -244
115, 105, -341
308, 300, -82
308, 300, -82
832, 188, 725
1445, 283, 1901
914, 735, 1998
737, 405, 1998
-,-,-
-531, -362, 358
-473, -365, 361
-465, -318, 323
-423, -288, 282
-444, -199, 79
-444, -199, 79
-386, -139, 19
-315, -105, 17
-294, -69, -77
-192, -86, -124
-100, -130, -176
30, -94, -163
215, -13, -51
215, -13, -51
388, 65, 102
348, 139, 46
359, 138, -7
559, -25, 149
559, -25, 149
825, 130, 675
854, 215, 1082
933, 223, 1759
1040, 410, 1998
889, 302, 1998
1135, 123, 1998
-,-,-
-455, -340, 461
-473, -304, 514
-432, -264, 527
-411, -243, 514
-359, -272, 480
-359, -272, 480
-358, -258, 331
-370, -240, 144
-263, -238, 97
-132, -182, 138
-200, -57, 23
-169, -2, -93
-22, -64, -95
109, 40, -65
109, 40, -65
83, 127, -126
285, 121, -149
319, 54, -80
552, -11, 185
552, -11, 185
768, -142, 564
1028, 88, 1219
-,-,-
-435, -419, 529
-403, -389, 526
-403, -330, 528
-429, -334, 510
-464, -346, 475
-475, -355, 458
-455, -336, 489
-434, -312, 467
-366, -281, 442
-288, -240, 413
-292, -215, 318
-292, -215, 318
-316, -216, 267
-289, -141, 231
-265, -85, 122
-216, -60, -24
-60, -49, 90
72, -19, 236
-81, -71, -38
-81, -71, -38
-126, 4, -180
-4, 58, -220
199, 151, -136
452, 72, -63
452, 72, -63
795, 19, 153
932, -109, 298
1358, 286, 1304
-,-,-
-349, -355, 491
-240, -334, 572
-336, -364, 504
-401, -387, 469
-435, -394, 474
-427, -405, 513
-450, -397, 480
-483, -407, 414
-488, -428, 354
-462, -436, 339
-470, -431, 347
-452, -387, 343
-452, -387, 343
-474, -297, 286
-500, -278, 194
-458, -275, 180
-433, -217, 173
-389, -157, 170
-359, -154, 97
-304, -120, -9
-202, -79, -53
-107, -50, -130
-88, -19, -131
77, 46, -80
77, 46, -80
267, 80, -37
277, 99, -209
261, 136, -351
261, 136, -351
514, 133, -187
862, 213, 64
1160, 277, 684
1458, 757, 1799
1486, 835, 1998
1481, 748, 1998
-,-,-
-436, -311, 405
-367, -291, 355
-290, -247, 308
-268, -221, 235
-306, -140, 50
-301, -150, -60
-241, -107, -189
-131, -72, -310
41, 22, -340
145, 101, -454
298, 161, -326
298, 161, -326
306, 189, -152
383, 156, -97
720, 147, 189
1041, -59, 888
1241, -71, 1610
1138, 378, 1824
1163, 223, 1848
1163, 223, 1848
1248, 477, 1998
1126, 801, 1998
1041, 164, 1998
-,-,-
-465, -381, 572
-384, -381, 654
-405, -344, 597
-431, -334, 467
-427, -257, 290
-433, -189, 108
-382, -111, 4
-361, 3, -148
-285, 82, -255
-285, 82, -255
-197, 86, -349
-35, 29, -429
99, 65, -357
133, 104, -365
277, 179, -353
523, 208, -202
523, 208, -202
577, 174, 5
592, 192, 390
1029, 168, 1429
1195, 357, 1998
690, 339, 1998
656, -9, 1998
656, -9, 1998
1068, 134, 1998
1096, -363, 1998
-,-,-
-433, -405, 417
-433, -405, 417
-353, -343, 475
-323, -259, 326
-335, -206, 175
-415, -133, -106
-295, -45, -160
-141, -65, -186
-63, 17, -196
-53, 13, -232
59, -47, -232
235, 30, -314
235, 30, -314
281, 195, -244
555, 327, 62
720, 243, 445
1104, 108, 1291
1099, 262, 1898
1021, 488, 1998
1021, 488, 1998
940, 250, 1998
958, 629, 1998
828, -52, 1998
391, -1048, 1998
246, -1728, 1998
391, -1402, 1998
-,-,-
-330, -422, 677
-302, -426, 619
-305, -364, 461
-255, -285, 325
-167, -183, 217
-167, -183, 217
-200, -100, -18
-264, -36, -231
-223, -29, -349
-70, 9, -374
118, -21, -330
244, 129, -240
240, 315, -277
292, 294, -157
406, 127, 176
406, 127, 176
652, 27, 670
637, 135, 1328
641, 426, 1964
792, 67, 1998
810, -196, 1998
810, -196, 1998
488, 417, 1998
-,-,-
-268, -324, 382
-156, -280, 621
-156, -280, 621
-28, -252, 637
-20, -207, 636
163, -216, 645
209, -268, 599
176, -178, 451
159, -81, 257
64, 28, 82
64, 28, 82
108, 159, -40
341, 73, 89
523, 179, 155
523, 179, 155
505, 261, 178
652, 303, 561
1015, 174, 1267
914, 155, 1600
-,-,-
-465, -508, 633
-343, -472, 757
-299, -436, 784
-334, -408, 779
-349, -428, 687
-348, -413, 561
-297, -337, 428
-297, -337, 428
-238, -237, 261
-196, -206, 97
-209, -137, -87
-147, -106, -218
-38, -53, -259
94, 48, -264
269, 125, -204
409, 30, -86
409, 30, -86
385, 25, -88
237, 193, -57
418, 233, 96
937, 66, 1134
937, 66, 1134
1071, 343, 1807
563, 724, 1813
614, 656, 1998
859, 507, 1998
1332, 87, 1998
1127, -1036, 1998
368, -1775, 1998
-,-,-
-463, -346, 381
-451, -317, 375
-460, -326, 336
-432, -347, 349
-421, -332, 337
-393, -324, 323
-357, -295, 269
-317, -253, 204
-260, -240, 216
-226, -283, 135
-269, -162, 7
-269, -162, 7
-211, -89, 0
-153, -50, 4
17, 12, 56
17, 12, 56
138, 0, 80
11, -45, -92
49, 43, -215
49, 43, -215
298, 135, -177
375, 219, -150
658, 276, 66
1011, 284, 731
1477, 539, 1913
1477, 539, 1913
-,-,-
-617, -424, 236
-471, -352, 470
-443, -338, 501
-466, -318, 371
-402, -285, 327
-299, -289, 298
-251, -256, 233
-210, -213, 196
-173, -169, 132
-162, -147, 126
-230, -98, -30
-230, -98, -30
-56, -63, -9
121, -71, 51
71, -19, -53
132, -22, -144
132, -22, -144
302, 11, -207
505, -2, -30
597, 65, 167
614, 303, 493
876, 232, 1266
876, 232, 1266
1013, 428, 1988
854, 613, 1998
-,-,-
-394, -292, 451
-413, -334, 491
-408, -332, 512
-408, -332, 512
-420, -362, 449
-379, -308, 396
-310, -274, 303
-245, -225, 189
-247, -140, 46
-279, -142, -143
-220, -75, -222
-75, -57, -232
45, 15, -209
225, 44, -97
225, 44, -97
262, -3, -78
199, 81, -216
342, 124, -213
618, 109, -5
618, 109, -5
827, 69, 247
1082, 101, 814
1151, 529, 1734
-,-,-
-476, -404, 341
-514, -394, 322
-494, -358, 448
-494, -358, 448
-475, -348, 471
-439, -331, 483
-469, -383, 377
-380, -361, 416
-334, -328, 446
-322, -283, 349
-332, -249, 185
-337, -202, 32
-242, -166, -81
-178, -6, -177
-136, 42, -275
31, 88, -304
31, 88, -304
218, 97, -249
315, 121, -234
309, 286, -277
583, 303, -53
583, 303, -53
966, 207, 429
1391, 183, 1619
1276, 789, 1998
-,-,-
-399, -346, 522
-292, -340, 668
-352, -370, 600
-372, -423, 577
-357, -467, 559
-329, -437, 568
-350, -339, 528
-396, -331, 437
-437, -271, 249
-452, -227, 84
-452, -227, 84
-386, -199, -4
-286, -170, -13
-296, -71, -60
-300, -19, -195
-124, -24, -218
74, 5, -79
163, 95, 38
163, 95, 38
196, 124, 54
249, 84, 0
249, 84, 0
303, -12, -6
331, 106, -78
425, 277, 56
425, 277, 56
727, 370, 459
1047, 268, 1389
1103, 447, 1990
958, 633, 1998
-,-,-
-370, -423, 537
-404, -388, 549
-396, -395, 525
-407, -406, 501
-431, -403, 447
-443, -357, 423
-409, -359, 424
-437, -340, 343
-437, -340, 343
-444, -276, 275
-418, -251, 203
-379, -222, 142
-344, -162, 94
-340, -128, -13
-283, -28, -68
-196, 50, -56
-143, 59, -28
-136, 58, -97
-136, 58, -97
1, 129, -240
152, 164, -213
278, 116, -195
370, 251, -202
654, 288, 99
654, 288, 99
1107, 421, 992
1638, 642, 1974
1002, 644, 1998
991, 599, 1998
-,-,-
-431, -198, 588
-516, -347, 519
-444, -357, 568
-426, -307, 578
-426, -293, 560
-450, -327, 528
-450, -327, 528
-429, -304, 535
-400, -279, 524
-437, -256, 478
-434, -228, 470
-462, -179, 370
-461, -181, 236
-381, -116, 169
-333, -56, 57
-340, -17, -71
-273, 25, -94
-273, 25, -94
-202, 43, -123
-66, 16, -182
88, 135, -143
184, 92, -198
269, 143, -250
274, 114, -409
274, 114, -409
565, 284, -327
888, 317, -97
1374, 154, 583
1905, 651, 1903
-,-,-
-433, -244, 577
-433, -244, 577
-436, -243, 567
-376, -244, 579
-343, -231, 616
-360, -267, 571
-346, -259, 526
-360, -175, 460
-412, -178, 366
-432, -170, 307
-416, -142, 285
-317, -125, 271
-180, -173, 303
-175, -197, 209
-199, -105, 95
-199, -105, 95
-52, -19, 141
125, -6, 167
172, 26, 44
168, 8, -81
168, 8, -81
163, 17, -111
157, 73, -244
411, 324, -150
758, 487, 124
758, 487, 124
1199, 439, 930
1367, 802, 1949
1069, 682, 1998
-,-,-
-465, -372, 508
-404, -357, 560
-349, -348, 602
-362, -317, 604
-384, -327, 496
-422, -320, 389
-446, -251, 199
-401, -159, 128
-304, -131, 129
-234, -105, 96
-250, -30, -64
-250, -30, -64
-246, 97, -187
-114, 101, -186
106, 85, -92
158, 100, -88
17, 122, -282
85, -9, -242
85, -9, -242
440, 13, 83
664, 165, 386
808, 271, 903
808, 271, 903
1149, 308, 1584
1224, 182, 1991
1220, 249, 1998
1318, 54, 1998
1404, -322, 1998
936, -1021, 1998
-,-,-
-232, -185, 663
-256, -247, 620
-293, -285, 527
-239, -198, 514
-162, -124, 456
-67, -151, 460
-133, -161, 407
-226, -115, 339
-267, -115, 318
-233, -58, 249
-233, -58, 364
39, -20, 364
76, 15, 345
-61, 59, 207
-155, 84, -81
-155, 84, -81
30, 132, -123
489, 119, 180
752, 7, 417
1181, 135, 873
1193, 506, 1469
1193, 506, 1469
1285, 843, 1998
-,-,-
-465, -141, 551
-442, -166, 568
-423, -134, 542
-390, -113, 532
-475, -105, 379
-474, -85, 338
-474, -85, 338
-396, -125, 422
-382, -95, 456
-333, -57, 463
-285, -31, 458
-282, -21, 339
-199, -62, 298
-77, -38, 290
-77, -38, 290
-34, -38, 206
-39, -5, 42
50, 59, -57
202, 13, 90
202, 13, 90
127, -14, -62
176, 26, -294
421, 116, -306
883, 206, 291
883, 206, 291
1240, 100, 793
1401, 659, 1707
1520, 1171, 1998
-,-,-
-453, -161, 584
-591, -95, 432
-534, -134, 431
-352, -73, 501
-352, -73, 501
-287, -69, 431
-252, -26, 372
-327, 9, 192
-301, -21, 134
-192, -41, 151
-78, -68, 149
-78, -68, 149
-4, -72, 187
-28, -7, 165
-184, 23, 79
-208, 31, 75
-208, 31, 75
36, -24, 23
244, -25, -38
437, 84, -125
437, 84, -125
780, 114, 226
1111, 176, 1153
1518, 562, 1985
1101, 655, 1998
-,-,-
-319, -194, 590
-383, -147, 506
-447, -201, 369
-455, -119, 224
-455, -119, 224
-407, -30, 147
-388, -9, 73
-379, 24, -154
-298, 69, -254
-135, 71, -191
-61, 14, -170
-61, 14, -170
32, -67, -139
148, -25, 17
115, 160, -51
31, 122, -339
477, -72, -186
477, -72, -186
993, 17, 806
1387, 377, 1737
1540, 438, 1972
1549, 510, 1998
1158, 287, 1998
1147, 332, 1998
-,-,-
-426, -73, 621
-445, -17, 407
-380, -23, 381
-390, -32, 216
-390, -32, 216
-402, -7, 13
-366, -32, -51
-270, -45, -158
-173, 6, -234
-36, 5, -184
89, 62, -7
89, 62, -7
172, 61, 52
112, 66, -120
112, 66, -120
-18, 135, -383
268, 254, -401
1000, 44, 19
1673, 244, 1291
1884, 837, 1998
1301, 882, 1998
1196, 777, 1998
-,-,-
-327, -98, 684
-312, -62, 699
-322, -89, 642
-352, -96, 595
-366, -104, 538
-366, -104, 538
-386, -96, 465
-413, -109, 475
-391, -136, 440
-389, -67, 329
-292, -31, 244
-183, -57, 249
-91, -86, 195
-18, -111, 178
-29, -73, 201
-29, -73, 201
-79, -34, 82
-48, -92, -68
-113, -38, -309
-85, 113, -527
150, 247, -501
150, 247, -501
484, 302, -384
812, 37, 338
-,-,-
-353, -104, 470
-353, -125, 543
-347, -143, 660
-391, -167, 610
-443, -153, 469
-463, -99, 409
-428, -79, 482
-394, -87, 538
-394, -87, 538
-403, -67, 407
-399, -71, 279
-379, -64, 133
-348, -69, 45
-289, -9, -12
-214, 29, -25
-214, 29, -25
-151, 43, 22
-58, 5, -10
-133, -13, -201
-134, 14, -188
-42, 91, -89
-42, 91, -89
211, 204, -127
452, 114, 56
833, 38, 675
1225, 260, 1379
1225, 260, 1379
1383, 646, 1990
-,-,-
-381, -210, 606
-381, -197, 619
-381, -197, 619
-391, -94, 555
-359, -132, 537
-321, -153, 504
-308, -153, 439
-325, -108, 283
-297, -139, 264
-267, -143, 210
-255, -84, 166
-251, -57, -40
-213, 21, -131
-118, 52, -200
-118, 52, -200
12, 93, -176
69, 123, -188
160, 71, -16
248, 74, 84
248, 74, 84
641, 110, 221
1198, 187, 883
1518, 509, 1667
1519, 457, 1935
1604, 350, 1998
-,-,-
-375, -158, 540
-409, -106, 474
-392, -186, 627
-441, -182, 539
-442, -154, 522
-436, -130, 559
-465, -103, 566
-489, -142, 595
-480, -176, 615
-435, -158, 535
-393, -145, 466
-393, -145, 466
-354, -134, 344
-302, -146, 311
-284, -135, 253
-284, -86, 119
-265, -30, 1
-198, -8, -27
-68, -43, 67
-68, -43, 67
37, 6, 241
130, 0, 295
87, 33, 118
87, 33, 118
78, 48, 36
271, -135, 89
514, -112, 482
514, -112, 482
687, 137, 777
1048, 239, 1635
1410, 280, 1998
-,-,-
-436, -197, 494
-500, -224, 442
-472, -156, 508
-472, -156, 508
-426, -152, 595
-427, -188, 540
-396, -149, 554
-409, -158, 571
-435, -189, 566
-441, -217, 611
-408, -237, 629
-406, -216, 536
-364, -207, 458
-252, -145, 466
-192, -62, 377
-170, -12, 201
-172, 44, 73
-172, 44, 73
-95, -54, 81
-4, -87, 85
-22, -102, -10
-22, -102, -10
-70, 91, -193
82, 196, -269
284, 201, -331
741, 62, 65
1186, 9, 884
1186, 9, 884
1615, 477, 1726
-,-,-
-451, -157, 591
-432, -113, 616
-431, -90, 597
-427, -144, 598
-457, -132, 470
-471, -94, 267
-471, -94, 267
-389, -97, 224
-257, -28, 140
-170, 47, 91
-84, 42, 48
-43, 57, -30
-43, 57, -30
18, -49, 50
-2, -163, 131
22, -141, 84
22, -141, 84
152, -38, 145
197, -90, 162
485, -243, 624
920, -79, 1116
984, 156, 1215
984, 156, 1215
1014, 184, 1694
1144, 191, 1998
1211, 272, 1998
-,-,-
-490, -141, 460
-467, -131, 559
-477, -99, 644
-477, -99, 644
-507, -124, 638
-538, -200, 570
-469, -232, 628
-432, -186, 528
-412, -88, 356
-361, -62, 363
-383, 17, 233
-362, 0, 110
-362, 0, 110
-271, 35, -127
-106, 38, -131
103, -19, -32
95, 2, -63
95, 2, -63
118, 4, -130
167, -52, -67
247, 38, -115
472, -49, -2
472, -49, -2
687, -88, 363
1139, 133, 1458
1419, 25, 1813
1325, 266, 1997
-,-,-
-376, -133, 708
-381, -135, 636
-422, -83, 622
-410, -80, 607
-399, -95, 552
-400, -115, 510
-395, -149, 485
-348, -39, 385
-348, -39, 385
-231, -5, 365
-112, -38, 384
-99, 45, 174
-165, 182, -130
-166, 180, -265
-132, 115, -294
-13, 78, -312
-13, 78, -312
202, 5, -261
441, 10, 9
483, 38, 151
483, 38, 151
554, 170, 396
656, 17, 721
1145, -40, 1557
1662, 102, 1998
1548, 51, 1998
1253, -183, 1997
-,-,-
-530, -167, 586
-577, -136, 515
-562, -145, 551
-542, -182, 521
-504, -160, 526
-506, -123, 484
-474, -97, 430
-454, -74, 419
-454, -74, 419
-449, -87, 356
-472, -37, 154
-363, -18, 27
-314, -5, -153
-281, 46, -428
-238, 177, -633
-142, 279, -924
145, 134, -804
145, 134, -804
470, 240, -445
611, 322, -290
794, 385, -196
1185, 82, 260
1908, 433, 1349
1996, 1045, 1998
1996, 636, 1998
1909, -1023, 1998
-,-,-
-593, -221, 364
-526, -186, 420
-455, -131, 498
-496, -154, 448
-490, -167, 447
-471, -85, 365
-448, -43, 274
-378, -76, 298
-305, -83, 263
-305, -83, 263
-360, 1, -11
-362, 29, -168
-194, -3, -112
-60, -1, -138
-14, 32, -266
-14, 32, -266
10, -59, -465
162, 56, -550
451, 289, -413
641, 371, -241
777, 273, 76
777, 273, 76
1556, 329, 1089
1993, 592, 1981
1860, 1065, 1998
1554, 567, 1998
1416, 116, 1998
893, -800, 1998
-,-,-
-552, -25, 529
-509, -9, 599
-509, -9, 599
-477, -8, 655
-483, -7, 649
-491, -47, 587
-475, -41, 637
-451, 26, 584
-451, 26, 584
-445, 54, 587
-433, 17, 565
-411, -12, 544
-499, 92, 189
-502, 104, 56
-502, 104, 56
-406, 132, 14
-315, 112, -58
-208, 87, -160
-76, 119, -241
-60, 114, -371
15, 23, -459
15, 23, -459
137, 29, -487
457, 40, -367
626, 204, -401
739, 121, -107
1147, -7, 742
1147, -7, 742
1619, 163, 1851
1827, 147, 1998
-,-,-
-596, -100, 442
-617, -93, 387
-576, -143, 425
-576, -143, 425
-571, -137, 403
-542, -82, 440
-527, -74, 454
-487, -97, 502
-457, -97, 533
-380, -111, 508
-328, -105, 408
-312, -86, 309
-346, -59, 178
-346, -59, 178
-402, -14, 45
-378, 29, -161
-218, 30, -273
-61, 7, -344
1, 63, -455
1, 63, -455
141, 268, -566
562, 258, -167
759, 46, 8
696, -95, 55
696, -95, 55
990, -67, 616
1765, 467, 1789
1841, 912, 1998
-,-,-
-516, -99, 429
-500, -128, 605
-485, -51, 632
-507, -74, 552
-563, -102, 484
-557, -129, 487
-505, -123, 559
-503, -86, 591
-488, -102, 615
-484, -115, 573
-503, -149, 487
-462, -187, 430
-462, -187, 430
-423, -154, 274
-433, -23, 44
-385, 24, -132
-346, 131, -372
-175, 186, -430
9, 169, -369
94, 139, -371
94, 139, -371
179, 83, -436
286, 112, -404
521, 176, -152
761, 361, 11
1158, 291, 966
1819, 422, 1947
1819, 422, 1947
-,-,-
-525, -137, 412
-469, -96, 561
-444, -99, 533
-444, -99, 533
-461, -93, 496
-453, -152, 469
-480, -176, 420
-449, -154, 409
-416, -87, 380
-395, -54, 314
-399, -49, 231
-390, -12, 54
-390, -12, 54
-409, 71, -165
-299, -15, 42
-294, 23, 92
-171, -11, 103
-107, 25, -86
-107, 25, -86
-25, 118, -130
81, 220, -141
338, 133, 39
626, 212, 368
691, 221, 455
691, 221, 455
1270, 397, 1207
1895, 463, 1998
-,-,-
-490, -133, 554
-479, -155, 582
-460, -160, 643
-463, -163, 633
-455, -182, 615
-461, -118, 597
-461, -118, 597
-470, -122, 536
-498, -131, 458
-528, -137, 355
-564, -57, 234
-564, -25, 149
-524, 3, 150
-461, 34, 87
-461, 34, 87
-404, 103, -74
-341, 130, -201
-274, 173, -225
-190, 205, -317
-92, 239, -297
59, 241, -355
259, 156, -370
409, 191, -438
409, 191, -438
635, 232, -395
1298, -151, 383
1644, -58, 1421
1896, 626, 1907
1996, 730, 1998
1994, -201, 1998
1336, -1278, 1998
-,-,-
-433, -97, 590
-483, -77, 537
-473, -76, 579
-507, -130, 556
-496, -164, 543
-436, -97, 545
-435, -69, 510
-435, -69, 510
-467, -60, 499
-474, -91, 481
-405, -110, 537
-353, -122, 551
-313, -79, 462
-378, 12, 352
-451, 91, 315
-451, 91, 315
-499, 134, 189
-450, 139, 63
-248, 79, 61
-15, 80, 101
86, 28, -8
86, 28, -8
88, -24, -130
156, 23, -128
156, 23, -128
294, 70, -263
501, 114, -320
673, -100, -136
1418, 1, 859
1737, 331, 1472
1866, 1258, 1985
1643, 1006, 1998
-,-,-
-402, -77, 503
-402, -77, 503
-422, -111, 536
-406, -143, 596
-428, -166, 556
-432, -193, 536
-463, -209, 526
-494, -195, 514
-540, -164, 432
-577, -141, 314
-553, -35, 337
-543, 22, 189
-485, 80, 51
-485, 80, 51
-408, 99, -52
-343, 45, -123
-297, 66, -288
-112, 85, -274
-10, 107, -291
-10, 107, -291
115, 59, -349
161, 132, -211
281, 250, -189
354, 489, -221
921, 309, 162
1625, 46, 1261
1625, 46, 1261
1996, 225, 1998
-,-,-
-501, -156, 413
-501, -156, 413
-417, -171, 590
-391, -127, 618
-423, -91, 568
-479, -126, 478
-527, -171, 415
-494, -214, 458
-458, -185, 434
-461, -175, 379
-496, -120, 241
-479, -104, 249
-480, -117, 276
-476, -101, 285
-464, -56, 211
-464, -56, 211
-407, -2, 123
-310, -47, 223
-202, -67, 310
-173, 12, 262
-241, -6, -25
-239, 96, -175
-239, 96, -175
27, 111, -124
233, 37, -72
249, 51, -281
539, 50, 44
539, 50, 44
1059, -170, 882
1580, 35, 1965
-,-,-
-426, -193, 567
-370, -146, 642
-414, -102, 638
-414, -102, 638
-470, -138, 536
-505, -147, 503
-515, -147, 500
-491, -145, 519
-516, -139, 516
-514, -128, 531
-502, -97, 515
-479, -98, 447
-438, -96, 351
-324, -101, 366
-265, -91, 327
-265, -91, 327
-290, -15, 170
-344, 122, -125
-212, 122, -138
-76, 130, -116
40, 94, -169
194, 122, -177
352, 206, -40
352, 206, -40
481, 185, -79
608, 295, -134
1334, 187, 873
-,-,-
-273, -189, 616
-370, -259, 484
-417, -256, 487
-426, -261, 501
-452, -246, 469
-496, -293, 437
-520, -265, 407
-502, -222, 410
-502, -150, 358
-495, -114, 319
-513, -124, 282
-513, -124, 282
-571, -128, 228
-575, -106, 216
-553, -46, 139
-431, -51, 159
-320, -28, 160
-244, -12, 136
-220, 92, 29
-113, 117, -16
-113, 117, -16
21, 71, 14
59, 48, 8
168, 37, 60
168, 37, 60
159, 78, -106
222, 167, -283
604, 166, -121
1111, 116, 467
1111, 116, 467
1720, 104, 1556
-,-,-
-571, -167, 425
-571, -167, 425
-568, -206, 463
-526, -222, 465
-505, -192, 523
-569, -123, 389
-559, -142, 376
-542, -124, 376
-564, -121, 326
-399, -64, 344
-414, -80, 204
-365, -53, 198
-264, 4, 239
-264, 4, 239
-122, 0, 242
-29, -60, 206
1, -132, 222
1, -132, 222
104, -35, 395
203, 78, 434
115, 102, 162
40, 47, -54
40, 47, -54
138, -42, -62
585, 32, 183
941, 18, 529
941, 18, 529
1415, -130, 1216
1519, -454, 1812
-,-,-
-541, -124, 388
-560, -144, 436
-563, -169, 491
-584, -180, 495
-592, -191, 480
-549, -189, 532
-518, -219, 588
-476, -233, 624
-468, -215, 619
-474, -182, 581
-489, -165, 529
-489, -165, 529
-461, -170, 489
-432, -161, 404
-434, -72, 174
-376, -73, 163
-327, -21, 108
-257, 36, 30
-164, 101, -114
-74, 139, -203
-74, 139, -334
17, 155, -334
74, 125, -426
284, 68, -432
601, 130, -185
776, 380, -123
990, 353, 83
990, 353, 83
1874, 236, 1412
1996, 93, 1998
-,-,-
-582, -263, 264
-487, -172, 399
-396, -199, 483
-392, -209, 457
-385, -199, 430
-404, -179, 417
-386, -190, 458
-383, -105, 331
-383, -105, 331
-325, -29, 176
-216, -61, 180
-142, -78, 208
-121, -74, 222
-66, -83, 161
129, -116, 175
181, -21, 232
181, -21, 232
308, -42, 247
181, -75, 141
190, -89, 18
420, -109, 351
994, 189, 993
994, 189, 993
1021, 292, 1220
-,-,-
-456, -169, 438
-457, -170, 519
-475, -228, 556
-505, -239, 492
-496, -230, 504
-478, -231, 516
-478, -231, 553
-464, -227, 553
-506, -246, 494
-505, -181, 564
-432, -240, 560
-389, -234, 524
-334, -176, 434
-345, -93, 290
-382, -62, 146
-412, -36, 52
-387, 9, -10
-387, 9, -10
-321, 48, -76
-180, 57, -142
14, 129, -142
49, 180, -215
116, 175, -172
116, 175, -172
256, -2, -177
387, -41, -221
615, -29, -96
1175, 284, 733
1620, 429, 1694
-,-,-
-451, -237, 565
-483, -241, 540
-517, -236, 492
-497, -251, 548
-467, -231, 560
-480, -232, 527
-508, -251, 570
-539, -270, 548
-531, -227, 553
-526, -174, 511
-494, -163, 485
-494, -163, 485
-451, -163, 450
-411, -155, 346
-386, -82, 212
-355, 31, 81
-310, 110, 9
-187, 126, -33
-77, 173, -186
-77, 173, -186
15, 184, -199
98, 133, -156
330, 59, -142
599, 48, -95
735, -78, -36
735, -78, -36
834, -83, 381
1362, 13, 1661
1449, -45, 1998
1444, -324, 1998
1249, -750, 1998
-,-,-
-507, -261, 674
-523, -315, 735
-531, -324, 693
-544, -278, 657
-557, -246, 620
-527, -260, 633
-527, -260, 633
-479, -321, 639
-450, -287, 575
-425, -223, 484
-413, -167, 351
-387, -135, 248
-327, -151, 182
-281, -108, 161
-192, -58, 142
-131, 48, 4
-119, 114, -69
-119, 114, -69
-50, 219, -181
123, 127, -219
273, 17, -176
456, -20, -38
485, 73, 56
485, 73, 56
752, 150, 150
1352, 260, 928
1942, 617, 1899
1945, 455, 1998
-,-,-
-553, -216, 632
-558, -218, 693
-597, -255, 566
-575, -279, 572
-545, -286, 611
-489, -245, 610
-489, -245, 610
-455, -194, 575
-452, -137, 369
-452, -76, 135
-434, -62, 6
-380, -37, -62
-280, -9, -112
-184, 67, -147
-79, 117, -244
-79, 117, -244
36, 206, -380
175, 214, -484
400, 139, -490
649, 97, -333
816, 357, -127
1486, 458, 746
1486, 458, 746
1989, 67, 1972
1903, -205, 1998
1224, -707, 1998
-,-,-
-532, -142, 354
-549, -162, 429
-555, -136, 517
-565, -143, 525
-599, -177, 514
-588, -219, 566
-543, -250, 638
-517, -255, 663
-526, -251, 612
-527, -238, 542
-531, -212, 467
-520, -172, 366
-507, -152, 273
-473, -116, 169
-473, -116, 169
-457, -34, -4
-381, 65, -151
-321, 100, -288
-259, 147, -435
-143, 146, -537
70, 161, -496
287, 148, -419
463, 148, -294
651, 211, -192
651, 211, -192
839, 95, 192
1331, 171, 1000
1988, 414, 1996
-,-,-
-523, -216, 522
-514, -207, 558
-512, -232, 541
-503, -187, 500
-499, -140, 268
-440, -80, 14
-440, -80, 14
-372, 11, -245
-290, 118, -448
-238, 161, -595
-104, 152, -692
124, 170, -620
310, 191, -426
464, 127, -185
620, 106, 100
620, 106, 100
601, 51, 315
870, -52, 834
1195, -38, 1593
1262, 179, 1992
1064, 41, 1998
933, 71, 1998
933, 71, 1998
964, 359, 1998
927, 231, 1998
-,-,-
-485, -162, 253
-485, -162, 253
-414, -124, 241
-366, -37, 145
-346, 30, -5
-305, 56, -154
-263, 14, -277
-183, 97, -424
21, 101, -271
21, 101, -271
236, 78, -75
402, -41, -11
414, -66, 77
404, -8, 163
404, -8, 163
651, -255, 429
1193, -57, 1379
1276, 195, 1781
1286, 126, 1998
1267, 118, 1998
1260, 48, 1998
1226, -211, 1998
1027, -496, 1998
705, -833, 1998
-,-,-
-615, -165, 444
-555, -195, 443
-475, -226, 408
-386, -175, 227
-386, -175, 227
-307, -43, -12
-254, 70, -237
-255, 119, -497
-197, 147, -618
-83, 238, -604
134, 158, -487
372, 140, -404
443, 170, -242
466, 104, -109
466, 104, -109
710, -158, 405
1169, -63, 1229
1503, 32, 1918
1667, 161, 1998
1572, 101, 1998
1402, -194, 1998
-,-,-
-594, -220, 590
-584, -137, 472
-527, -130, 387
-527, -130, 387
-482, -142, 226
-437, -98, 17
-383, -29, -177
-275, 54, -326
-121, 101, -395
18, 200, -493
106, 216, -634
279, 44, -680
279, 44, -680
599, 20, -514
610, 36, -319
478, -2, -101
896, -68, 752
1486, 116, 1787
1468, 234, 1998
1468, 234, 1998
1370, 238, 1998
1362, -45, 1998
1236, -144, 1998
-,-,-
-635, -176, 359
-574, -121, 402
-574, -121, 402
-511, -130, 484
-478, -171, 541
-450, -208, 566
-492, -204, 508
-538, -198, 498
-548, -187, 477
-553, -177, 455
-530, -177, 392
-483, -151, 268
-453, -76, 94
-404, -74, -27
-304, -44, -146
-304, -44, -146
-198, 25, -255
-123, 108, -370
-3, 120, -303
150, 108, -210
277, 66, -376
424, -49, -300
615, -6, -60
615, -6, -60
812, 133, 107
1656, 328, 1195
1859, 455, 1995
-,-,-
-575, -234, 279
-575, -234, 279
-547, -184, 373
-487, -141, 369
-462, -156, 381
-404, -205, 353
-381, -202, 330
-305, -184, 266
-300, -163, 124
-311, -115, -26
-189, -34, -39
-9, 72, -136
131, 41, -104
131, 41, -104
166, 45, -131
221, -33, -141
474, -122, 141
648, -190, 334
741, -40, 627
741, -40, 627
1017, 195, 1411
1132, 131, 1743
1505, 74, 1998
1384, -438, 1998
-,-,-
-512, -222, 332
-562, -230, 242
-557, -123, 159
-623, -17, 7
-629, -18, -115
-547, 50, -68
-547, 50, -68
-421, 140, -124
-264, 136, -155
-156, 136, -178
-69, 80, -204
107, -26, -254
366, -160, -174
496, -218, 67
496, -218, 67
475, -129, 57
371, -176, -44
593, -197, 369
1099, -265, 1057
1069, -115, 1488
1363, 48, 1989
1286, 1, 1998
1363, -2, 1998
-,-,-
-631, -212, 410
-576, -210, 494
-592, -175, 521
-592, -175, 521
-635, -222, 491
-610, -280, 529
-626, -263, 513
-622, -199, 376
-530, -117, 304
-479, -40, 113
-429, 14, -60
-370, 46, -251
-264, 94, -388
-115, 128, -500
-115, 128, -500
51, 63, -492
223, -15, -465
323, -44, -474
452, -41, -366
594, 89, -229
763, 219, 119
763, 219, 119
1476, 338, 1182
1971, 330, 1973
1747, 9, 1998
1293, -549, 1998
-,-,-
-557, -304, 425
-505, -266, 562
-483, -307, 595
-480, -308, 633
-480, -308, 633
-470, -308, 596
-460, -312, 586
-502, -269, 491
-514, -219, 349
-525, -150, 229
-504, -119, 134
-465, -67, -15
-406, 17, -126
-318, 134, -267
-187, 166, -316
-63, 76, -224
-63, 76, -224
-62, 8, -212
53, -16, -240
246, -66, -154
542, 14, 102
733, -78, 571
733, -78, 571
939, 0, 986
1185, 129, 1422
1437, -95, 1786
1448, -407, 1998
-,-,-
-454, -231, 526
-483, -223, 527
-483, -223, 527
-492, -147, 454
-496, -91, 270
-457, -125, 152
-363, -115, 116
-357, -34, -63
-322, 2, -127
-187, 14, -107
-46, -18, -139
37, -21, -274
37, -21, -274
73, 13, -289
176, 47, -114
342, 103, -24
640, -11, 177
640, -11, 177
1064, -171, 846
1264, -205, 1528
1264, -36, 1842
1293, -43, 1998
-,-,-
-506, -263, 477
-523, -264, 497
-535, -255, 506
-536, -298, 531
-536, -298, 531
-545, -266, 508
-563, -185, 437
-539, -135, 407
-526, -141, 252
-558, -94, 64
-535, -15, -127
-430, 26, -242
-249, 63, -266
-133, 81, -312
23, 47, -313
23, 47, -313
125, 57, -330
303, 44, -258
488, 10, -98
488, 10, -98
587, 3, 74
841, 88, 459
1434, 325, 1354
1724, 387, 1990
1450, 206, 1998
1450, 206, 1998
1230, -107, 1998
915, -644, 1998
-,-,-
-522, -263, 534
-546, -238, 405
-574, -207, 378
-563, -214, 394
-511, -230, 450
-459, -225, 464
-402, -197, 413
-388, -162, 296
-384, -174, 199
-361, -167, 136
-361, -167, 136
-286, -161, 57
-197, -68, 9
-74, -7, -68
-3, 18, -125
66, -5, -6
66, -5, -6
85, 42, -231
305, 76, -382
305, 76, -382
630, -89, 111
502, -162, 381
1121, 50, 1226
1453, 244, 1887
1600, 95, 1998
-,-,-
-479, -243, 486
-506, -225, 403
-480, -252, 380
-464, -288, 411
-451, -293, 452
-520, -273, 391
-577, -236, 322
-577, -236, 322
-551, -222, 312
-479, -212, 278
-411, -147, 215
-380, -166, 137
-395, -200, 158
-354, -167, 182
-215, -68, 249
-125, 20, 165
-96, 67, 195
-96, 67, 195
-87, -1, 130
38, -11, -37
208, -29, -76
336, -60, -153
336, -60, -153
499, -23, -81
1056, 111, 299
1770, 215, 1300
-,-,-
-558, -268, 258
-487, -228, 325
-510, -232, 322
-538, -219, 319
-523, -245, 384
-570, -253, 356
-552, -206, 313
-428, -170, 296
-323, -176, 298
-323, -176, 298
-277, -233, 308
-277, -255, 204
-225, -259, 129
-180, -191, 148
-102, -100, 81
-28, -36, -66
30, -10, -161
137, -24, -153
274, 95, -134
274, 95, -134
422, 35, -59
895, -67, 305
1623, 373, 1378
-,-,-
-529, -287, 454
-529, -287, 454
-536, -280, 492
-513, -287, 509
-555, -302, 527
-564, -364, 553
-552, -346, 634
-547, -321, 656
-576, -338, 580
-519, -381, 549
-491, -331, 501
-472, -295, 392
-488, -213, 260
-489, -174, 133
-469, -141, 86
-384, -76, -1
-384, -76, -1
-258, 1, -68
-96, 2, -134
-16, -5, -129
24, -29, -146
24, -29, -146
139, 2, -117
275, 11, -134
435, -17, 49
671, 18, 364
671, 18, 364
1042, 116, 854
1356, 76, 1653
-,-,-
-495, -234, 483
-478, -225, 537
-479, -241, 549
-474, -249, 543
-474, -249, 543
-504, -302, 503
-543, -309, 479
-580, -300, 471
-569, -277, 498
-563, -268, 480
-542, -272, 453
-501, -272, 373
-428, -243, 309
-366, -220, 262
-361, -156, 133
-364, -99, -40
-325, -54, -193
-262, -26, -287
-262, -26, -287
-171, 74, -421
-27, 141, -512
271, 229, -549
442, 266, -545
520, 212, -487
999, 184, 154
1622, 121, 1211
-,-,-
-538, -239, 295
-544, -263, 294
-543, -211, 281
-516, -246, 332
-550, -326, 310
-550, -326, 310
-623, -382, 291
-658, -354, 292
-633, -295, 264
-590, -207, 255
-573, -159, 188
-563, -151, 47
-550, -93, -81
-488, -12, -168
-355, 39, -222
-228, 107, -255
-103, 151, -274
48, 118, -280
48, 118, -280
191, 121, -257
336, 2, -177
351, -90, -161
764, 77, 140
764, 77, 140
1172, 418, 718
1517, 174, 1638
1848, -117, 1998
-,-,-
-457, -323, 440
-395, -275, 522
-418, -225, 473
-513, -223, 395
-501, -256, 444
-497, -320, 480
-505, -373, 488
-587, -381, 415
-633, -358, 407
-633, -293, 362
-633, -293, 362
-585, -212, 351
-527, -132, 305
-500, -58, 126
-499, -17, -49
-439, -28, -106
-353, -34, -156
-251, 2, -273
-159, 45, -369
-4, 36, -503
-4, 36, -503
113, 50, -521
100, 138, -531
342, 260, -482
884, 44, 113
1460, -1, 1170
-,-,-
-555, -261, 393
-575, -283, 375
-550, -284, 372
-550, -284, 372
-559, -335, 361
-547, -348, 372
-585, -283, 357
-611, -264, 355
-594, -241, 318
-569, -202, 251
-542, -139, 117
-576, -76, -81
-541, -101, -154
-423, -65, -132
-319, 30, -252
-260, 124, -511
-86, 169, -684
-86, 169, -684
144, 215, -720
414, 147, -652
548, 187, -585
606, 211, -555
1063, 168, 202
1654, 381, 1447
1953, 378, 1998
-,-,-
-331, -108, 198
-225, -212, 280
-229, -134, 224
-266, -111, 67
-273, -118, -42
-83, -136, -10
130, -244, 172
181, -234, 180
106, -246, 90
106, -246, 90
208, -155, -46
536, -161, 253
661, -173, 475
781, -141, 839
850, -233, 1104
1006, -100, 1662
1231, 57, 1998
-,-,-
-539, -253, 417
-511, -227, 421
-475, -254, 445
-514, -275, 340
-554, -290, 266
-572, -261, 239
-572, -261, 239
-589, -211, 186
-548, -206, 176
-470, -167, 147
-408, -140, 46
-339, -140, -1
-314, -115, 81
-247, -55, 22
-120, -36, -32
-18, -43, -156
-18, -43, -156
43, -47, -319
166, -46, -280
314, -2, -94
362, 121, -94
588, 199, 252
588, 199, 252
977, 215, 933
1323, 192, 1667
1322, 163, 1812
-,-,-
-587, -279, 267
-571, -302, 325
-621, -262, 300
-621, -259, 323
-622, -230, 320
-578, -211, 330
-470, -187, 311
-471, -143, 273
-434, -197, 172
-425, -197, 111
-438, -142, -46
-338, -72, -94
-198, -31, -100
-28, -23, -42
-28, -23, -42
112, -45, 55
84, -34, -10
180, -28, -8
180, -28, -8
324, -1, 90
362, 188, 14
648, 211, 276
1033, 146, 865
1033, 146, 865
1438, 167, 1544
1566, 122, 1998
1424, 297, 1998
-,-,-
-454, -235, 521
-454, -235, 521
-510, -177, 450
-586, -213, 367
-604, -267, 434
-555, -303, 512
-513, -296, 537
-558, -268, 452
-622, -256, 312
-641, -264, 266
-643, -255, 267
-594, -243, 248
-579, -156, 235
-583, -136, 97
-536, -98, 72
-536, -98, 72
-495, -20, -11
-388, 22, -72
-270, 39, -154
-174, 52, -247
-68, 62, -415
-68, 62, -415
70, 153, -480
209, 192, -503
389, 120, -404
625, 130, -354
731, 79, -208
928, 136, 75
928, 136, 75
1727, 638, 1042
1992, 609, 1975
-,-,-
-669, -280, 273
-590, -192, 312
-591, -224, 316
-565, -242, 349
-577, -263, 348
-660, -281, 253
-660, -281, 253
-639, -245, 282
-576, -216, 352
-509, -216, 343
-471, -142, 247
-466, -148, 138
-413, -178, 63
-326, -142, -35
-256, -38, -190
-211, 51, -266
-98, 124, -278
102, 181, -309
102, 181, -309
312, 249, -200
464, 219, -117
561, 131, -136
894, 98, 9
1335, 270, 625
1607, 270, 1602
1607, 184, 1602
1718, -129, 1998
1438, -813, 1998
-,-,-
-599, -275, 292
-509, -232, 445
-584, -192, 291
-586, -210, 307
-534, -206, 353
-505, -183, 357
-472, -179, 297
-459, -144, 188
-459, -144, 188
-393, -102, 142
-294, -47, 100
-220, 24, -5
-138, 55, -47
-8, 95, -71
206, -25, 87
206, -25, 87
209, -50, 59
261, 78, -160
304, 55, -234
593, -76, 3
593, -76, 3
1010, -4, 486
1317, 67, 1170
1311, -71, 1752
1366, -145, 1998
1181, -218, 1998
-,-,-
-583, -313, 378
-575, -280, 447
-575, -280, 447
-550, -240, 524
-548, -250, 540
-530, -279, 547
-558, -260, 494
-580, -262, 389
-578, -266, 292
-542, -241, 208
-464, -163, 169
-435, -33, 15
-420, -3, -122
-366, 63, -265
-366, 63, -265
-293, 55, -367
-229, 117, -444
-26, 160, -483
237, 178, -375
495, 177, -153
620, 50, 73
841, -76, 612
841, -76, 612
836, -50, 993
1093, 191, 1621
1126, 367, 1998
1269, 121, 1998
1261, -168, 1998
-,-,-
-516, -250, 423
-554, -211, 388
-614, -295, 368
-661, -356, 298
-604, -288, 319
-548, -156, 231
-498, -120, 169
-492, -50, 26
-462, 22, -89
-462, 22, -89
-373, 34, -157
-239, 41, -222
-113, 55, -242
69, -24, -266
264, 83, -224
398, 120, -200
398, 120, -200
425, 52, -33
562, -43, 233
858, 25, 752
960, 179, 1191
1312, 117, 1866
1312, 117, 1866
1334, -19, 1998
1247, 49, 1998
1049, -118, 1998
1124, -59, 1998
1014, -105, 1998
885, -253, 1998
736, -380, 1998
-,-,-
-536, -320, 442
-490, -253, 524
-545, -136, 282
-549, -80, 42
-406, -57, 84
-406, -57, 84
-318, -16, 70
-308, 58, -48
-262, 82, -212
-130, -42, -182
-20, -104, -78
12, -105, -48
12, -105, -48
-18, -60, -179
165, 46, -298
452, 10, -362
484, 5, -432
484, 5, -432
731, -24, 8
1362, 295, 1112
1977, 536, 1998
1637, -131, 1998
1293, -119, 1998
-,-,-
-579, -389, 414
-579, -389, 414
-572, -295, 447
-611, -287, 373
-633, -279, 326
-602, -301, 351
-596, -283, 362
-602, -221, 296
-592, -165, 169
-547, -121, 38
-459, -80, -42
-346, -34, -107
-273, -2, -246
-273, -2, -246
-299, 62, -400
-119, 88, -433
171, 145, -404
376, 186, -330
262, 113, -417
418, 135, -164
723, 148, 267
723, 148, 267
1061, 216, 731
1665, 851, 1625
1454, 925, 1946
1732, 418, 1998
1340, 51, 1998
-,-,-
-676, -165, 287
-663, -158, 287
-668, -173, 307
-689, -165, 291
-670, -186, 292
-678, -195, 279
-687, -242, 262
-655, -233, 272
-578, -196, 330
-514, -176, 309
-502, -128, 243
-420, -129, 181
-369, -89, 79
-283, -19, -10
-283, -19, -10
-182, 6, -107
-97, -22, -224
-20, -49, -304
107, -52, -320
264, -116, -390
382, -108, -307
557, -37, -207
557, -37, -207
691, 117, -102
1252, 125, 580
1751, 366, 1715
1933, 669, 1998
1714, 465, 1998
-,-,-
-660, -148, 494
-670, -175, 440
-727, -167, 451
-703, -165, 408
-663, -165, 382
-638, -169, 359
-606, -195, 339
-606, -195, 339
-536, -204, 272
-461, -204, 88
-387, -137, -217
-300, -66, -361
-264, 8, -467
-244, 88, -545
-103, 104, -526
84, 64, -459
221, -53, -420
221, -53, -420
267, -93, -334
265, 98, -229
374, 136, -297
717, -100, 43
894, 36, 624
894, 36, 624
1118, 190, 1372
1180, -84, 1950
1253, -216, 1998
1055, 36, 1998
894, -32, 1998
825, 74, 1998
-,-,-
-630, -259, 153
-571, -209, 266
-588, -213, 228
-617, -237, 184
-617, -237, 184
-551, -191, 187
-439, -159, 143
-371, -80, 0
-284, -4, -118
-202, -17, -198
-162, -50, -308
-102, -100, -472
55, -54, -451
339, -62, -286
339, -62, -286
488, -101, -110
394, -101, -60
431, 77, 47
1094, 103, 397
1740, 353, 1401
1723, 626, 1998
1692, 552, 1997
-,-,-
-430, -157, 412
-430, -157, 412
-451, -215, 288
-441, -191, 239
-497, -185, 179
-555, -129, 131
-559, -62, 56
-510, -30, 2
-423, 1, -101
-299, 34, -244
-299, 34, -244
-180, -13, -320
-151, -28, -323
-65, -124, -284
-40, -171, -323
-117, -13, -402
91, -47, -184
409, -85, 52
821, 197, 625
821, 197, 625
1030, 299, 1102
1460, 209, 1645
1965, 200, 1998
1927, 351, 1998
-,-,-
-602, -177, 442
-584, -173, 426
-613, -208, 375
-635, -199, 348
-611, -246, 339
-591, -238, 315
-591, -238, 315
-572, -97, 113
-462, -88, 65
-382, -82, -5
-296, -78, -91
-189, -71, -173
-129, -85, -305
-135, -112, -354
-107, -156, -384
90, -133, -330
310, 10, -208
310, 10, -208
358, 35, -271
502, 43, -235
871, 195, 191
1425, 322, 1155
1784, 210, 1983
1745, 330, 1998
-,-,-
-711, -259, 233
-676, -210, 365
-668, -180, 293
-636, -143, 247
-498, -148, 309
-430, -161, 254
-367, -97, 140
-333, 12, -112
-302, -16, -220
-246, -17, -287
-170, 10, -383
69, -87, -324
69, -87, -324
281, -134, -213
394, -57, -16
433, 1, 108
424, -81, 49
424, -81, 49
487, -76, 118
1061, -12, 749
1479, 219, 1545
1640, 630, 1973
-,-,-
-582, -192, 201
-584, -193, 186
-584, -193, 186
-572, -180, 124
-544, -159, 135
-574, -119, 67
-567, -42, -70
-467, -15, -152
-335, -38, -192
-173, -65, -165
-112, -56, -114
-95, 14, -161
-24, 18, -118
-24, 18, -118
232, 57, -40
395, 39, 154
370, 8, 138
370, 8, 138
497, 103, 307
885, 157, 760
1315, 241, 1479
1360, 89, 1917
1444, -7, 1998
1276, -246, 1998
-,-,-
-597, -238, 329
-597, -238, 329
-580, -286, 407
-542, -268, 451
-526, -234, 425
-546, -201, 397
-601, -202, 330
-632, -187, 249
-615, -177, 179
-557, -135, 171
-504, -99, 90
-436, -50, -8
-407, 15, -130
-407, 15, -130
-312, 67, -249
-213, 147, -354
-64, 196, -399
83, 195, -384
272, 163, -337
418, 3, -280
418, 3, -280
652, -96, -16
819, -81, 479
1168, 3, 1131
1523, 4, 1910
1752, 209, 1998
1752, 209, 1998
1564, -133, 1998
-,-,-
-504, -252, 582
-541, -197, 589
-572, -197, 582
-590, -230, 624
-590, -287, 573
-590, -287, 573
-575, -303, 532
-509, -293, 550
-475, -283, 499
-420, -261, 508
-466, -160, 332
-536, -117, 161
-527, -160, -24
-483, -83, -159
-384, -6, -351
-246, 32, -476
-202, 153, -584
-43, 290, -701
-43, 290, -701
255, 196, -485
628, 229, -84
779, 150, 160
808, 103, 455
1560, 215, 1411
1829, 305, 1990
1744, 185, 1998
-,-,-
-543, -221, 488
-543, -221, 488
-558, -206, 442
-520, -193, 394
-457, -170, 341
-325, -124, 324
-228, -115, 229
-228, -118, 149
-204, -118, 66
-183, -46, 53
-102, -5, 47
-102, -5, 47
69, -151, -10
152, -126, -156
91, 35, -239
184, 119, -212
448, 157, -251
802, 143, -13
802, 143, -13
1645, 526, 1101
1938, 812, 1960
1996, 411, 1998
-,-,-
-390, -231, 410
-446, -200, 379
-481, -250, 446
-495, -238, 494
-491, -257, 475
-478, -266, 471
-518, -259, 429
-542, -224, 399
-560, -205, 354
-573, -194, 282
-570, -216, 237
-612, -193, 185
-626, -166, 98
-626, -166, 98
-589, -118, 43
-522, -63, -60
-413, -26, -139
-312, -19, -162
-273, -7, -226
-198, 62, -241
29, 83, -188
29, 83, -188
277, 51, -128
333, -41, -50
332, -44, -75
365, 60, -207
664, 76, -102
664, 76, -102
1332, 219, 610
1934, 605, 1694
-,-,-
-642, -370, 223
-564, -243, 293
-569, -198, 244
-531, -201, 227
-517, -161, 125
-488, -139, 41
-454, -107, -37
-409, -69, -184
-308, -44, -278
-255, -38, -340
-141, -48, -264
-141, -48, -264
26, -73, -141
194, -55, -91
293, 64, -12
407, 24, 80
474, -44, 220
474, -44, 220
965, 37, 744
1263, 204, 1697
1118, 172, 1789
1543, 445, 1998
1672, -39, 1998
-,-,-
-589, -283, 438
-653, -222, 429
-673, -264, 382
-676, -313, 394
-636, -313, 377
-636, -313, 377
-623, -266, 286
-637, -204, 178
-673, -214, 170
-689, -220, 153
-639, -176, 105
-526, -100, 17
-433, 6, -153
-352, 66, -297
-300, 94, -396
-287, 124, -603
-287, 124, -603
-210, 233, -804
51, 239, -735
490, 249, -575
626, 252, -485
800, 163, -362
1222, 309, 97
1924, 509, 1338
1996, 520, 1998
1996, 520, 1998
-,-,-
-530, -293, 307
-509, -227, 381
-531, -209, 394
-571, -195, 348
-576, -228, 296
-562, -231, 230
-563, -217, 166
-571, -210, 145
-622, -157, 65
-624, -126, -34
-587, -39, -126
-587, -39, -126
-450, -14, -149
-324, 15, -184
-228, 37, -270
-109, 34, -277
-83, 97, -485
126, 36, -348
396, 17, -187
396, 17, -187
463, 89, -174
482, 98, -231
719, 175, 9
1252, 433, 629
1655, 526, 1603
1655, 526, 1603
-,-,-
-577, -246, 366
-550, -272, 353
-540, -227, 344
-540, -185, 329
-521, -188, 277
-547, -148, 202
-551, -94, 100
-522, -78, -34
-463, -30, -121
-374, -33, -140
-244, -38, -156
-244, -38, -156
-86, 18, -221
32, -38, -197
28, 2, -213
130, 9, -296
322, -89, -169
322, -89, -169
511, -39, -80
766, 100, 197
1170, 185, 805
1584, 156, 1740
1667, 412, 1998
1583, 428, 1998
-,-,-
-675, -339, 465
-608, -241, 555
-568, -273, 532
-590, -206, 376
-611, -212, 304
-558, -254, 331
-516, -232, 327
-516, -160, 284
-516, -160, 284
-464, -122, 195
-362, -174, 113
-347, -167, -14
-261, -102, -44
-162, -84, 16
-122, 38, -91
-25, 31, -239
158, -27, -195
158, -27, -195
177, 27, -154
385, 93, -82
642, 174, 83
1176, 89, 621
1885, 282, 1822
1885, 282, 1822
1774, 138, 1998
-,-,-
-567, -272, 423
-543, -246, 473
-593, -181, 399
-599, -197, 312
-547, -196, 280
-508, -126, 153
-508, -126, 153
-501, -50, 12
-514, 37, -155
-265, 69, -270
-144, 83, -312
-41, 42, -385
35, 4, -464
35, 4, -464
307, 86, -354
498, 49, -151
562, -65, 39
734, -38, 284
734, -38, 284
1104, 79, 826
-,-,-
-615, -289, 673
-615, -289, 673
-646, -271, 552
-628, -236, 416
-559, -230, 385
-514, -203, 291
-496, -142, 207
-484, -62, 42
-484, 65, -257
-353, 15, -312
-184, -31, -219
-58, -15, -139
-58, -15, -139
35, -34, -159
197, -23, -106
340, 35, 86
439, 48, 183
456, 28, 135
456, 28, 135
791, -50, 570
1108, -158, 1101
1276, 66, 1643
1311, 23, 1985
1326, -24, 1998
1292, -8, 1998
1292, -8, 1998
1210, -366, 1998
-,-,-
-663, -301, 255
-609, -282, 496
-651, -242, 490
-616, -246, 470
-599, -291, 452
-617, -281, 402
-662, -241, 327
-697, -196, 247
-704, -177, 183
-652, -180, 126
-569, -161, 96
-569, -161, 96
-500, -117, 8
-479, -75, -90
-447, -21, -114
-341, 9, -57
-208, 64, -98
13, 34, -152
13, 34, -152
80, 36, -10
78, 10, 99
78, 10, 99
158, 6, 180
297, 84, 52
562, 77, 265
562, 77, 265
845, -14, 767
1211, 7, 1469
1306, 163, 1585
1672, 540, 1902
1862, 479, 1998
1587, -230, 1998
972, -1107, 1998
470, -1599, 1998
-,-,-
-660, -279, 533
-620, -265, 437
-623, -309, 443
-628, -358, 451
-623, -358, 382
-623, -358, 382
-632, -305, 360
-645, -192, 256
-683, -131, 56
-657, -74, -85
-596, -30, -197
-564, 62, -398
-554, 75, -470
-447, 67, -493
-272, 162, -597
-6, 164, -540
-6, 164, -540
254, 118, -397
345, 39, -303
457, 68, -207
684, 76, 74
684, 76, 74
1076, 25, 493
1419, 33, 1094
1905, 76, 1882
1865, 169, 1998
1690, 55, 1998
1450, -112, 1998
984, -422, 1998
984, -422, 1998
-,-,-
-715, -253, 208
-668, -261, 427
-713, -279, 474
-718, -258, 472
-753, -218, 436
-711, -266, 466
-664, -247, 428
-607, -190, 343
-575, -136, 224
-546, -100, 75
-536, -49, -7
-536, -49, -7
-477, -22, -42
-380, 20, -151
-218, 69, -295
-12, 38, -268
61, 71, -192
264, 36, -70
264, 36, -70
416, -74, 42
526, -9, 193
661, -101, 452
661, -101, 452
860, -113, 713
1213, -239, 1348
1490, -161, 1877
1595, -73, 1998
1564, -166, 1998
-,-,-
-681, -237, 230
-575, -231, 422
-580, -187, 419
-534, -166, 360
-581, -200, 265
-456, -275, 434
-347, -247, 456
-248, -135, 344
-216, -49, 141
-225, -109, 114
-289, -175, 134
-289, -175, 134
-192, -178, 245
-19, -145, 263
-5, -13, 157
33, 22, 81
74, 39, -41
74, 39, -41
275, -25, -27
698, 24, 338
1079, 14, 941
1079, 14, 941
1248, 35, 1608
1511, 79, 1998
-,-,-
-698, -345, 211
-642, -235, 314
-619, -272, 403
-653, -310, 405
-698, -310, 436
-711, -313, 460
-700, -299, 449
-672, -248, 333
-602, -255, 305
-602, -255, 305
-545, -221, 231
-584, -103, 56
-530, -20, -72
-419, -40, -88
-271, -60, -118
-151, -11, -149
-38, 31, -143
89, 4, -37
89, 4, -37
226, -39, -4
252, -28, -54
238, -71, 7
238, -71, 7
324, -30, 145
971, 189, 916
1255, 409, 1485
1544, 375, 1981
1544, 375, 1998
1454, 262, 1998
1272, -2, 1998
1292, -77, 1998
-,-,-
-697, -326, 315
-587, -277, 487
-627, -233, 348
-648, -198, 143
-598, -175, 44
-563, -91, -132
-487, 2, -339
-347, 107, -552
-241, 223, -798
46, 190, -676
46, 190, -676
271, 216, -556
560, 180, -401
728, 140, -257
854, 15, -52
1141, -72, 473
1141, -72, 473
1492, 3, 1369
1733, 228, 1994
1515, 124, 1998
1275, -95, 1998
1239, 156, 1998
1195, 39, 1998
877, -248, 1998
531, -403, 1998
-,-,-
-607, -273, 577
-563, -251, 603
-570, -291, 689
-586, -286, 694
-591, -309, 702
-587, -350, 685
-618, -279, 643
-618, -279, 643
-649, -241, 428
-680, -174, 264
-625, -63, 105
-584, 17, -129
-595, 106, -418
-563, 167, -635
-378, 174, -700
-135, 187, -658
132, 191, -589
427, 207, -470
427, 207, -470
694, 139, -320
644, 193, -135
886, 222, 53
1609, 398, 974
1996, 413, 1994
1996, 165, 1998
1639, -120, 1998
1231, -366, 1998
1022, -195, 1998
-,-,-
-553, -192, 426
-555, -134, 388
-573, -166, 352
-550, -185, 407
-500, -148, 344
-493, -81, 167
-476, -54, -49
-423, -70, -138
-317, -63, -165
-317, -63, -165
-226, 20, -229
-143, 44, -197
-101, 75, -182
8, 9, -231
167, 16, -143
326, -53, 24
326, -53, 24
601, -55, 147
1109, 0, 695
1658, 99, 1469
1702, 354, 1998
1702, 354, 1998
-,-,-
-645, -343, 521
-618, -237, 548
-621, -232, 542
-616, -241, 546
-564, -240, 476
-498, -215, 428
-458, -167, 347
-454, -84, 115
-454, -84, 115
-442, -10, -135
-405, 42, -259
-351, 102, -350
-189, 89, -350
-30, 76, -293
18, 97, -316
87, 143, -374
87, 143, -374
251, 114, -254
593, 74, 150
843, 78, 578
1231, 30, 1313
1231, 30, 1313
1510, 108, 1948
1570, 296, 1998
1330, 26, 1998
1161, -140, 1998
-,-,-
-558, -303, 492
-558, -303, 492
-598, -265, 438
-590, -204, 396
-580, -214, 386
-549, -221, 344
-506, -151, 250
-472, 4, 9
-346, 17, -66
-250, -27, -59
-250, -27, -59
-184, -18, -145
-102, 41, -161
29, 8, -113
129, 43, -126
330, 9, -77
330, 9, -77
563, -167, 278
545, -328, 495
804, -125, 819
1048, 10, 1435
1121, 80, 1977
1275, 309, 1998
1275, 309, 1998
1248, 297, 1998
-,-,-
-644, -250, 429
-644, -250, 429
-667, -200, 404
-634, -148, 358
-612, -104, 332
-578, -126, 243
-548, -112, 157
-518, -51, 26
-445, 8, -61
-385, 6, -116
-385, 6, -116
-318, 18, -123
-167, 75, -167
37, 153, -230
70, 190, -207
83, 12, -190
83, 12, -190
371, -5, -5
729, 64, 290
1119, 220, 809
1556, 313, 1677
1814, -14, 1998
1814, -14, 1998
1800, -461, 1998
1244, -723, 1998
939, -741, 1998
737, -693, 1998
-,-,-
-558, -237, 561
-525, -177, 625
-523, -176, 623
-546, -152, 645
-586, -180, 558
-575, -170, 542
-568, -133, 479
-578, -74, 319
-492, -16, 249
-479, -53, 142
-406, -9, -1
-406, -9, -1
-319, 32, -114
-244, 40, -186
-160, 30, -211
-93, 57, -249
-44, 72, -377
-44, 72, -377
152, 11, -344
188, -53, -227
485, -56, 115
1234, 76, 914
1520, 289, 1618
1663, 184, 1995
1663, 184, 1995
1430, -99, 1998
1215, -239, 1998
1032, -428, 1998
890, -467, 1998
838, -271, 1998
-,-,-
-609, -208, 363
-606, -156, 343
-577, -140, 292
-525, -112, 198
-396, -112, 184
-363, -44, 85
-312, 57, -114
-294, 117, -280
-294, 117, -265
-248, 157, -265
-132, 103, -203
94, 1, -69
166, -6, 78
204, -160, 320
275, -537, 404
275, -537, 404
616, -396, 598
1249, 183, 1121
1539, 466, 1623
1298, 191, 1758
1494, -236, 1996
-,-,-
-517, -257, 588
-511, -218, 537
-544, -213, 536
-612, -226, 529
-637, -221, 561
-637, -221, 561
-628, -200, 567
-640, -109, 444
-622, -95, 235
-573, -108, 108
-471, -103, 38
-389, -59, -44
-337, 22, -223
-282, 86, -325
-164, 157, -382
114, 105, -339
114, 105, -339
349, 46, -284
400, 16, -111
513, 132, 103
752, 106, 352
1214, -42, 1156
1472, -76, 1913
1472, -76, 1913
1436, -114, 1998
1378, -222, 1998
1303, -118, 1998
1173, -298, 1998
1056, -500, 1998
1009, -620, 1998
-,-,-
-536, -324, 535
-536, -324, 535
-486, -346, 546
-522, -314, 460
-592, -245, 335
-643, -228, 264
-678, -176, 165
-672, -98, 70
-622, -36, -64
-546, 20, -172
-459, 71, -242
-357, 90, -309
-357, 90, -309
-250, 134, -426
-67, 101, -466
47, 134, -549
116, 103, -496
268, 180, -284
612, 123, 134
612, 123, 134
756, 40, 522
1249, -22, 1518
1606, -252, 1998
1350, -260, 1998
1070, -417, 1998
1037, -424, 1998
889, -344, 1998
587, -666, 1998
454, -498, 1998
-,-,-
-516, -254, 608
-522, -228, 538
-501, -212, 545
-485, -222, 498
-484, -220, 445
-484, -220, 445
-478, -161, 307
-442, -108, 144
-400, -54, -56
-335, 12, -205
-215, 31, -263
-37, 71, -275
103, 64, -347
142, 72, -397
142, 72, -397
179, 76, -437
312, 81, -287
776, 24, 250
1465, -19, 1362
1939, 250, 1998
1939, 250, 1998
1629, -51, 1998
1319, -339, 1998
964, -449, 1998
765, -240, 1998
654, -46, 1998
-,-,-
-471, -287, 618
-481, -232, 590
-490, -228, 582
-533, -193, 424
-545, -130, 312
-522, -98, 151
-515, -44, -11
-485, 0, -183
-485, 0, -183
-408, -15, -286
-360, -3, -366
-230, 63, -525
-15, 38, -512
135, 80, -345
187, 129, -302
190, 135, -176
190, 135, -176
348, 259, 52
1031, 251, 694
1355, 366, 1445
1678, 598, 1990
1881, 317, 1998
1496, -486, 1998
998, -975, 1998
-,-,-
-514, -265, 412
-489, -166, 424
-512, -131, 376
-511, -149, 365
-532, -177, 296
-532, -177, 296
-548, -153, 260
-549, -137, 117
-532, -149, 19
-460, -130, -19
-357, -87, 5
-292, -4, 92
-185, 97, 96
-185, 97, 96
16, 77, -22
152, 85, -154
147, 150, -235
149, 164, -216
149, 164, -216
579, 117, -8
1184, 116, 849
1598, -194, 1798
1665, -454, 1998
-,-,-
-565, -130, 307
-614, -83, 244
-614, -83, 244
-657, -120, 214
-663, -143, 224
-567, -178, 244
-405, -202, 245
-279, -228, 173
-203, -294, 74
-157, -259, 37
-104, -189, 78
-81, -121, 94
-81, -121, 94
-31, -125, 47
90, -88, -29
167, 47, 50
362, 104, 360
362, 104, 360
497, 215, 663
761, 207, 972
1241, 223, 1829
1112, 70, 1998
1060, -43, 1998
1021, -118, 1998
893, -353, 1998
-,-,-
-633, -226, 472
-605, -163, 439
-650, -108, 347
-629, -111, 279
-554, -95, 245
-493, -93, 162
-449, -47, 117
-446, 55, -94
-418, 13, -192
-418, 13, -192
-313, -110, -209
-119, -129, -193
75, -78, -258
33, 41, -509
299, 196, -437
591, 229, -58
1144, 90, 466
1144, 90, 466
1542, 61, 1227
1979, 121, 1946
1915, 60, 1998
1478, -99, 1998
1107, -264, 1998
-,-,-
-540, -245, 496
-538, -224, 534
-503, -284, 595
-518, -228, 576
-512, -188, 492
-514, -149, 397
-504, -92, 287
-459, -72, 260
-430, -66, 137
-390, -58, 31
-390, -58, 31
-363, 11, -145
-286, 9, -96
-129, -25, 7
-18, -62, 81
-18, -62, 81
54, -19, 109
52, -24, 50
216, -283, 246
726, -291, 880
726, -291, 880
904, -58, 1326
836, 38, 1179
837, -1, 1410
923, -93, 1748
883, -344, 1998
-,-,-
-591, -275, 706
-604, -237, 729
-604, -237, 729
-570, -258, 777
-535, -268, 788
-532, -271, 709
-502, -226, 609
-501, -115, 370
-524, -13, 45
-463, 1, -166
-414, 45, -407
-371, 101, -602
-238, 121, -700
-238, 121, -700
-42, 83, -658
207, 47, -507
405, 42, -176
380, 10, 49
620, -47, 449
620, -47, 449
997, 27, 1100
1438, 46, 1879
1447, 41, 1998
1103, -124, 1998
824, -124, 1998
704, -8, 1998
613, 87, 1998
613, 87, 1998
502, 184, 1998
381, 81, 1998
-,-,-
-605, -262, 587
-586, -235, 649
-595, -233, 487
-615, -203, 391
-615, -203, 391
-580, -229, 407
-586, -197, 371
-547, -151, 324
-519, -100, 172
-493, -68, -36
-415, -112, -127
-320, -116, -173
-231, -138, -207
-131, -44, -347
2, 59, -472
158, 127, -347
258, -15, -124
258, -15, -124
519, -13, 307
1117, 152, 1008
1596, 155, 1621
1695, 175, 1998
1443, 168, 1998
-,-,-
-611, -215, 432
-600, -213, 418
-585, -199, 435
-608, -193, 402
-574, -188, 396
-570, -184, 328
-570, -203, 300
-551, -200, 305
-516, -125, 206
-516, -125, 206
-447, -81, 120
-370, -57, 29
-334, -10, -113
-259, 17, -165
-182, 10, -249
-90, 4, -316
130, 12, -276
130, 12, -276
303, -7, -231
400, 18, -188
707, 127, 52
1390, 295, 822
1390, 295, 822
1844, 339, 1802
1775, 335, 1998
1591, 102, 1998
1301, -52, 1998
980, -360, 1998
890, -508, 1998
807, -513, 1998
692, -353, 1961
-,-,-
-551, -284, 633
-541, -303, 648
-506, -261, 681
-533, -219, 581
-577, -205, 495
-613, -191, 439
-628, -146, 328
-598, -89, 213
-538, -30, 111
-538, -30, 111
-499, -1, -7
-416, -10, -154
-332, 15, -265
-279, 72, -336
-188, 155, -375
19, 109, -441
178, -19, -427
178, -19, -427
310, -45, -175
465, 222, 12
715, 237, 458
1187, 259, 916
1542, 145, 1600
1809, 401, 1998
1933, 198, 1998
1933, 198, 1998
1725, -561, 1998
1346, -1217, 1998
-,-,-
-646, -240, 401
-669, -253, 366
-617, -220, 481
-614, -229, 472
-621, -209, 397
-576, -188, 387
-576, -188, 387
-531, -188, 290
-473, -165, 192
-419, -151, 136
-434, -124, 40
-426, -45, -41
-294, 0, -86
-123, -11, -154
-19, 22, -151
-93, 89, -195
-93, 89, -195
-2, 110, -224
315, 73, -56
630, -5, 346
893, 61, 798
893, 61, 798
1205, 135, 1367
1552, 148, 1964
1707, 1, 1998
1589, -135, 1998
1400, -443, 1998
1089, -585, 1998
761, -573, 1998
-,-,-
-598, -300, 554
-625, -300, 530
-574, -278, 582
-511, -286, 574
-453, -234, 564
-435, -226, 467
-489, -150, 318
-532, -132, 153
-359, -102, 129
-359, -102, 129
-292, -98, 83
-224, -55, 50
-215, -43, -89
-186, -20, -103
-81, -2, -135
15, 2, -39
15, 2, -39
44, -6, 0
149, -41, 180
149, -41, 180
473, 35, 425
939, 40, 979
1249, -13, 1673
1243, 20, 1982
1074, 85, 1983
1074, 85, 1983
1278, 122, 1998
1286, -38, 1998
1066, -438, 1998
-,-,-
-550, -309, 323
-569, -213, 165
-596, -189, 66
-553, -184, 65
-482, -148, -105
-394, -9, -353
-305, 81, -531
-152, 70, -478
2, 87, -397
2, 87, -397
219, 96, -197
434, 2, 91
493, -67, 408
493, -67, 408
635, -31, 738
752, 67, 867
828, -36, 976
1094, -143, 1524
1373, 132, 1974
1426, 264, 1998
1316, 4, 1998
1316, 4, 1998
1239, -421, 1998
1199, -582, 1998
1063, -504, 1998
-,-,-
-580, -284, 622
-574, -294, 609
-572, -300, 611
-601, -254, 550
-606, -216, 434
-581, -191, 373
-524, -151, 293
-459, -78, 121
-399, -19, -59
-323, 7, -210
-270, 3, -273
-270, 3, -273
-224, 19, -288
-170, 77, -317
-51, 84, -414
70, -18, -379
398, -2, -147
398, -2, -147
801, -136, 411
1229, -110, 941
1592, -134, 1505
1608, -19, 1880
1587, 213, 1998
1546, 118, 1998
1329, -327, 1998
-,-,-
-583, -274, 460
-583, -274, 460
-619, -281, 477
-629, -303, 504
-571, -289, 568
-578, -292, 523
-528, -274, 440
-543, -270, 401
-518, -199, 263
-488, -106, 123
-494, -40, 24
-424, -19, 8
-424, -19, 8
-309, -50, 22
-250, -81, 4
-147, -58, -30
-48, -63, -76
-48, -63, -76
13, -4, -136
132, 32, -163
418, -56, 128
724, -19, 576
1004, 21, 974
1004, 21, 974
1785, 327, 1614
1996, 835, 1996
1918, 477, 1998
1607, -457, 1998
-,-,-
-543, -287, 442
-581, -276, 394
-618, -218, 493
-664, -202, 468
-639, -203, 452
-579, -221, 460
-541, -229, 421
-486, -190, 284
-424, -188, 153
-424, -188, 153
-405, -138, 73
-409, -70, 4
-343, 7, -110
-201, 61, -235
-16, 101, -286
98, 108, -185
98, 108, -185
130, 66, -115
263, -67, -61
532, -128, 229
815, -116, 666
1004, 77, 958
1450, 49, 1719
1450, 49, 1719
1526, 121, 1998
1308, 112, 1998
1216, -28, 1998
-,-,-
-600, -310, 585
-586, -351, 585
-564, -313, 621
-524, -282, 670
-532, -292, 577
-534, -236, 427
-530, -149, 294
-534, -109, 136
-503, -73, -64
-440, -57, -167
-367, -31, -300
-290, 9, -482
-169, -10, -586
-169, -10, -586
-117, -57, -720
61, 59, -683
362, 165, -595
639, 83, -282
962, 5, 196
1655, 280, 1115
1655, 280, 1115
1996, 476, 1880
1996, 580, 1998
-,-,-
-581, -259, 538
-592, -274, 515
-612, -296, 483
-599, -334, 507
-585, -314, 500
-588, -267, 428
-528, -243, 432
-541, -242, 338
-541, -242, 338
-523, -179, 269
-512, -125, 167
-492, -100, 82
-430, -108, 88
-355, -134, 98
-331, -96, 21
-237, -133, 56
-108, -176, 105
-11, -133, 148
-11, -133, 148
13, -21, 78
0, 63, -21
224, -113, 47
658, -177, 395
658, -177, 395
1194, 64, 1064
1448, 320, 1564
1640, 339, 1990
1598, 88, 1998
-,-,-
-543, -301, 449
-511, -285, 468
-488, -233, 350
-460, -160, 304
-455, -135, 228
-455, -135, 228
-421, -117, 189
-376, -71, 120
-350, 65, -125
-243, 69, -126
-119, 86, -228
-45, 58, -350
6, -28, -348
6, -28, -348
83, -119, -285
227, -56, -151
430, -9, -82
387, -52, -57
563, 9, 245
563, 9, 245
1227, 66, 997
1780, 178, 1830
1913, 202, 1998
1692, -222, 1998
1316, -1033, 1998
803, -1474, 1998
412, -1797, 1998
-,-,-
-520, -269, 398
-523, -209, 355
-561, -172, 271
-526, -161, 319
-424, -191, 369
-319, -231, 396
-270, -234, 354
-270, -234, 354
-207, -265, 269
-164, -254, 192
-134, -200, 106
-112, -142, -22
-124, -107, -122
-101, -40, -148
-55, 0, -229
89, 67, -325
323, 134, -64
323, 134, -64
546, -50, 249
1026, -155, 1038
1515, -73, 1901
1784, 153, 1998
1504, -174, 1998
-,-,-
-562, -304, 393
-554, -280, 401
-622, -275, 394
-668, -267, 414
-648, -296, 477
-603, -307, 510
-539, -241, 529
-528, -167, 343
-488, -217, 313
-410, -222, 281
-365, -149, 196
-310, -101, 98
-310, -101, 98
-261, -128, 14
-207, -138, -52
-166, -151, -103
-69, -107, -39
20, -110, 19
144, -107, 69
202, -124, 170
202, -124, 170
200, -168, 405
541, -120, 700
963, 144, 858
1107, 349, 918
1493, 490, 1455
1926, 116, 1991
-,-,-
-485, -253, 609
-527, -241, 531
-550, -271, 589
-534, -307, 615
-531, -318, 512
-499, -291, 450
-431, -198, 447
-422, -207, 440
-368, -183, 422
-352, -155, 274
-350, -143, 70
-350, -143, 70
-343, -132, -90
-351, -138, -180
-345, -98, -207
-218, -84, -252
14, 22, -237
285, 46, 76
376, -2, 232
376, -2, 232
605, -117, 381
1057, -189, 944
1491, -149, 1784
1500, -46, 1998
1288, -59, 1998
-,-,-
-545, -293, 595
-500, -295, 563
-465, -339, 538
-469, -319, 440
-443, -239, 257
-418, -170, 94
-469, -40, -65
-372, -38, -161
-187, -125, -199
-47, -160, -186
-47, -160, -186
16, -131, -200
85, -34, -188
250, -72, -77
459, -150, 166
624, -76, 518
884, -12, 999
884, -12, 999
1137, -57, 1613
1124, 54, 1994
1029, -23, 1998
-,-,-
-559, -323, 712
-505, -262, 637
-501, -231, 533
-511, -205, 416
-453, -149, 229
-462, -80, 8
-403, -95, -132
-403, -95, -132
-297, -96, -171
-271, -88, -190
-213, -115, -160
-52, -100, -185
45, -63, -59
71, -84, 31
178, -45, 11
178, -45, 11
488, -80, 359
793, -174, 887
1019, -140, 1347
952, -158, 1553
912, -127, 1798
-,-,-
-600, -331, 683
-591, -303, 636
-582, -223, 517
-547, -146, 332
-547, -146, 332
-522, -112, 112
-542, -10, -213
-462, 67, -478
-390, 119, -724
-201, 162, -821
111, 120, -742
322, 90, -571
393, 82, -432
384, 45, -350
384, 45, -350
503, 21, -45
1036, 56, 730
1616, -126, 1629
1761, -410, 1998
1612, -359, 1998
-,-,-
-679, -283, 587
-658, -288, 643
-625, -266, 605
-639, -293, 459
-547, -239, 435
-519, -191, 392
-469, -159, 361
-390, -97, 264
-350, -53, 131
-350, -53, 131
-314, -4, -58
-260, 1, -195
-183, 53, -220
-40, 127, -244
93, 174, -283
231, 194, -364
231, 194, -364
286, 149, -257
432, 118, -75
918, 200, 685
1392, 222, 1706
1555, -42, 1998
1470, -265, 1998
1164, -473, 1998
1158, -518, 1998
-,-,-
-486, -170, 793
-505, -190, 669
-458, -194, 743
-435, -191, 729
-435, -172, 752
-467, -142, 682
-498, -147, 609
-491, -170, 544
-457, -153, 441
-417, -80, 297
-417, -80, 297
-388, -15, 141
-345, -4, 28
-288, 4, -125
-197, 4, -199
-118, 34, -225
-118, 34, -225
-59, 105, -349
-94, 159, -416
182, 76, -425
598, 124, -270
938, 178, 212
1522, 299, 1218
1939, 130, 1998
-,-,-
-560, -191, 588
-529, -150, 614
-550, -202, 573
-545, -221, 567
-571, -202, 523
-558, -162, 479
-558, -162, 404
-534, -146, 404
-499, -134, 212
-441, -169, 167
-409, -160, 90
-336, -132, 31
-231, -72, 48
-221, 30, -134
-180, 101, -325
-16, 2, -285
-16, 2, -285
209, 10, -234
340, 119, -94
503, 35, 184
850, 53, 839
850, 53, 839
1383, -17, 1743
1506, 184, 1998
1197, -73, 1998
-,-,-
-517, -138, 415
-497, -94, 374
-507, -102, 288
-472, -136, 197
-360, -129, 218
-282, -140, 339
-276, -94, 331
-269, -158, 190
-158, -251, 295
-49, -278, 438
-49, -278, 438
-32, -328, 543
13, -307, 633
45, -230, 505
-16, -33, 234
98, 58, 347
98, 58, 347
195, 64, 371
298, 72, 295
-,-,-
-430, -297, 652
-423, -301, 657
-421, -270, 673
-436, -235, 671
-449, -249, 635
-493, -276, 558
-493, -276, 558
-480, -258, 590
-500, -201, 603
-517, -142, 586
-535, -133, 507
-514, -153, 424
-444, -175, 429
-392, -178, 394
-388, -125, 286
-425, -62, 143
-333, -7, 25
-172, -8, -28
-172, -8, -28
-89, 32, -60
-150, 102, -185
-100, 172, -321
127, 139, -339
331, 86, -231
509, -33, 109
509, -33, 109
988, 30, 947
1737, 216, 1915
1749, 219, 1998
1447, -140, 1998
-,-,-
-514, -312, 683
-515, -296, 693
-499, -294, 712
-515, -252, 680
-516, -256, 673
-510, -224, 612
-494, -194, 479
-499, -169, 251
-512, -66, -119
-459, 50, -401
-297, 93, -567
-297, 93, -567
-157, 122, -729
-47, 176, -825
61, 159, -785
383, 168, -415
652, 205, 121
743, 180, 621
743, 180, 621
983, -53, 1121
1322, -127, 1904
1421, -242, 1998
1278, -308, 1998
1081, -303, 1998
-,-,-
-463, -163, 582
-463, -163, 582
-453, -155, 550
-437, -192, 498
-388, -145, 424
-373, -83, 275
-364, -19, 74
-274, -44, 20
-238, -28, 46
-210, 21, -2
-210, 21, -2
-36, -53, -70
44, -161, -192
24, -113, -325
277, 15, -224
277, 15, -224
686, 49, 130
1086, 38, 712
1302, -137, 1317
1260, -193, 1848
-,-,-
-520, -55, 589
-478, -64, 580
-425, -79, 531
-381, -39, 409
-381, -39, 409
-343, -39, 294
-343, -4, 151
-362, -1, 53
-323, 44, -34
-223, 90, -149
-223, 90, -149
-73, 44, -166
58, -28, -104
140, -24, -10
198, -129, 62
242, -157, 93
242, -157, 93
408, -60, 153
691, -27, 392
1002, -74, 850
1374, -326, 1786
-,-,-
-477, -179, 666
-519, -165, 586
-528, -176, 508
-570, -189, 409
-503, -99, 447
-480, -56, 390
-480, -56, 390
-439, 16, 271
-412, -14, 124
-342, -85, 6
-272, -91, -43
-199, -99, -80
-130, -107, -89
-130, -107, -89
-189, -13, -230
-155, -62, -250
26, -79, -273
236, -94, -130
400, 54, 203
736, 46, 808
1024, -23, 1439
1024, -23, 1439
1261, 6, 1998
1216, -23, 1998
-,-,-
-515, -235, 586
-520, -212, 615
-507, -130, 559
-499, -71, 457
-475, -55, 354
-475, -55, 354
-445, -103, 329
-379, -122, 287
-319, -83, 178
-261, -45, 122
-231, -59, 185
-150, -82, 118
-153, -53, -88
-293, -20, -244
-222, -67, -77
-222, -67, -77
256, 54, 11
842, 103, 378
917, 70, 469
978, -112, 430
978, -112, 430
1381, -296, 858
1829, -184, 1810
-,-,-
-471, -172, 503
-471, -198, 510
-470, -201, 577
-539, -164, 491
-633, -148, 228
-575, -173, 242
-446, -184, 236
-316, -178, 141
-329, -84, 52
-318, 53, 0
-318, 53, 0
-253, 48, -35
-130, -27, -86
-76, -56, -139
-53, 47, -71
-53, 47, -71
-5, -68, -8
251, -105, 29
454, -32, 223
825, 120, 740
825, 120, 740
1154, -26, 1137
1394, -113, 1621
1664, -88, 1998
-,-,-
-521, -221, 509
-556, -243, 458
-570, -210, 475
-595, -196, 313
-517, -190, 262
-449, -177, 221
-358, -160, 212
-232, -93, 184
-119, -37, 107
-45, 17, -60
-45, 17, -60
-38, -25, -256
-100, -59, -317
-43, -169, -304
178, -94, -227
651, 32, 200
1025, -134, 810
1399, -225, 1513
1492, -273, 1935
1362, -196, 1998
